Cluster Size: 10
1     2.6992      -2.0672     -1.4286
2     2.7014      -1.0651     -0.7892
3     2.0106      -1.9619     -0.8334
4     2.3152      0.0319      -0.7185
5     0.962       -1.9554     -0.4736
6     1.9146      0.9033      -0.3087
7     -0.1514     -1.8523     -0.1381
8     1.4543      1.8212      0.1819
9     -1.1549     -1.8028     0.1887
10    0.3625      1.8018      0.5583
11    -1.6962     -0.926      0.4469
12    -0.7062     1.9071      0.8726
13    -2.0176     -0.0354     0.9461
14    -1.6509     1.9755      1.3338
15    -2.1514     0.8554      1.3743
16    -2.6338     1.9091      1.5876
17    2.1745      -1.7634     -1.9225
18    2.0099      -0.6175     -1.8184
19    1.2172      -1.5702     -1.596
20    1.5037      0.2846      -1.2321
21    -0.0744     -1.3713     -1.1233
22    1.0523      1.4209      -0.758
23    -1.2709     -1.3485     -0.684
24    -0.3994     1.6895      -0.2483
25    -1.8541     -0.2726     -0.1899
26    -1.5239     1.8323      0.1268
27    -2.3801     0.8368      0.2863
28    -2.8031     2.1043      0.7157
29    1.5652      -1.6467     -2.9216
30    0.879       -0.1656     -2.2608
31    0.2372      -0.9284     -2.2892
32    0.2643      1.1506      -1.5913
33    -1.3949     -0.6909     -1.7089
34    -1.5381     1.3709      -0.9739
35    -2.3705     0.659       -0.9241
36    -3.0027     2.2482      -0.2273
37    1.4674      -0.9409     -0.6068
38    -1.2042     0.9484      0.8924
39    0.6461      -0.4243     -1.2686
40    -1.0495     0.6227      -0.4077
41    -0.705      0.2731      -1.7289
42    0           0           0
43    0.8665      -0.7387     1.4188
44    0.0974      12.0831     -7.7889
45    -0.921      12.4496     -7.2791
46    -0.0042     12.0259     -6.7871
47    -1.7541     12.8313     -6.7713
48    -0.2363     12.0061     -5.627
49    -2.7314     12.89       -6.3126
50    -0.2951     11.4323     -4.5324
51    -3.7392     13.105      -5.7764
52    -0.3151     10.9391     -3.3835
53    -4.0018     12.6639     -4.7376
54    -1.6738     11.0414     -2.9544
55    -4.199      12.2182     -3.6812
56    -2.6239     11.2275     -2.4458
57    -4.5473     11.6259     -2.6476
58    -3.6804     11.2351     -2.2082
59    -4.7992     11.1964     -1.581
60    -0.3648     11.3411     -7.8166
61    -1.5852     11.6991     -7.3676
62    -0.712      11.1823     -6.6923
63    -2.634      11.8401     -6.5139
64    -0.8088     10.9541     -5.3691
65    -3.7871     12.131      -5.7408
66    -1.2196     10.5348     -4.1469
67    -4.1343     11.4978     -4.5839
68    -2.4552     10.5455     -3.4039
69    -4.38       11.155      -3.3135
70    -3.4854     10.5072     -2.8061
71    -4.6963     10.3589     -2.3694
72    -0.8796     10.6375     -7.8598
73    -2.2362     10.7233     -6.9714
74    -1.4389     10.5433     -6.2098
75    -3.8024     10.9046     -6.0166
76    -1.9114     10.044      -4.805
77    -4.1872     10.4129     -4.4232
78    -3.1922     9.9979      -3.8543
79    -4.6774     9.8875      -2.9484
80    -1.0182     12.3441     -6.0192
81    -3.4207     11.7116     -3.1331
82    -1.785      11.5967     -6.1371
83    -3.28       10.8512     -4.0993
84    -3.0154     10.496      -5.4358
85    -2.2306     11.7154     -4.6398
86    -1.2432     13.3573     -4.1558
87    4.4707      4.844       -10.0943
88    4.0222      5.4418      -10.5779
89    4.3718      5.4969      -9.327
90    3.6283      6.4473      -11.0554
91    4.3337      6.4362      -8.6222
92    2.9128      7.4638      -11.1538
93    3.8666      7.1882      -7.8965
94    2.5293      8.2974      -11.5544
95    3.091       7.7796      -6.9565
96    2.1689      9.0826      -10.7971
97    2.7659      8.6337      -7.5238
98    2.0198      9.8799      -10.1741
99    2.3897      9.6018      -7.8651
100   1.8489      10.5928     -9.38
101   2.0864      10.3778     -8.0671
102   1.4439      10.9337     -8.405
103   3.5566      4.5602      -9.9033
104   3.2471      5.7977      -10.2734
105   3.4755      5.6794      -9.2604
106   2.4226      6.6829      -10.5294
107   3.0233      6.4699      -8.114
108   1.7512      7.7582      -10.8739
109   2.4808      7.2248      -7.377
110   1.3151      8.8803      -10.0122
111   1.7998      8.3282      -7.9109
112   1.0846      9.9476      -9.2932
113   1.4661      9.4256      -8.0683
114   0.5482      10.5538     -8.4007
115   2.7924      4.5751      -9.5301
116   1.9522      5.9792      -10.0929
117   2.1531      5.8322      -8.7375
118   1.0979      7.3321      -10.341
119   1.5017      6.8638      -7.7536
120   0.5613      8.5863      -9.3047
121   0.9316      8.4044      -8.0978
122   0.0116      9.6212      -8.1541
123   4.0658      6.3925      -9.794
124   2.2599      9.5661      -8.9204
125   2.6133      6.7476      -9.1574
126   1.7576      8.6044      -9.0091
127   1.3726      7.1729      -9.012
128   2.9362      7.8866      -9.3746
129   4.7247      8.4272      -9.3538
130   2.8464      4.9226      -1.7217
131   3.3479      5.1194      -0.5743
132   3.9209      4.9095      -1.5714
133   3.086       3.9752      -0.3863
134   4.2868      4.3515      -2.2015
135   2.8849      2.9475      0.0826
136   4.6582      3.4887      -2.837
137   2.6103      2.1994      0.349
138   4.6981      2.7351      -3.6386
139   3.1264      1.298       -0.4687
140   4.3779      1.5651      -3.3468
141   3.4699      0.2749      -0.9321
142   4.2303      0.6371      -3.0637
143   3.4158      -0.5788     -1.7165
144   3.836       -0.3447     -2.7585
145   3.3087      -1.0889     -2.6564
146   3.0596      5.7701      -1.4811
147   3.0084      4.4796      -1.2261
148   3.1665      4.7685      -2.2818
149   2.568       3.1122      -0.8914
150   3.6257      3.7891      -3.0114
151   2.2341      2.1131      -0.5749
152   3.7726      2.7737      -3.7209
153   2.5574      0.9889      -1.4709
154   3.3617      1.5587      -3.4319
155   2.8529      0.3462      -2.0259
156   2.9667      0.5024      -3.1942
157   2.6027      -0.9435     -2.6967
158   2.3393      5.4658      -1.7305
159   1.9642      3.9929      -1.6257
160   2.5135      4.1956      -2.8537
161   1.5932      2.4522      -1.6003
162   2.7059      2.8428      -4.1227
163   1.9588      1.1153      -2.4202
164   2.3342      1.4501      -3.6461
165   2.1842      -0.5427     -3.2782
166   3.7318      3.9557      -1.1914
167   3.8442      0.4225      -1.9581
168   2.5789      3.5158      -2.167
169   3.1934      1.3914      -2.4292
170   2.4127      2.7038      -2.6608
171   3.8153      2.2871      -1.628
172   5.4327      2.6936      -1.0645
173   2.8957      7.7934      -0.7657
174   2.3201      8.8605      -1.1672
175   2.0126      8.318       -0.2908
176   1.4503      9.4955      -1.6288
177   0.9149      8.1131      0.2773
178   0.7472      10.0024     -1.9776
179   -0.202      7.899       0.519
180   0.0716      10.7548     -2.4316
181   -1.2074     7.7052      0.8379
182   -0.9724     10.7285     -1.9383
183   -2.3015     8.4477      0.2862
184   -2.1751     10.5035     -1.7542
185   -3.016      8.9728      -0.3052
186   -3.4364     10.6627     -1.3924
187   -3.817      9.7828      -0.7717
188   -4.3518     10.1573     -1.3671
189   2.3936      7.7755      -1.4594
190   1.4925      8.5629      -1.8485
191   1.1568      7.722       -0.9433
192   0.5107      9.153       -2.2457
193   0.0296      7.7458      -0.597
194   -0.3674     9.9232      -2.6626
195   -1.4463     7.476       -0.2074
196   -1.477      9.5798      -2.3378
197   -2.3552     8.013       -0.7198
198   -3.0329     9.5961      -1.9022
199   -3.4849     8.7964      -1.1977
200   -4.3325     9.4975      -1.8115
201   1.9149      7.337       -2.3112
202   0.4098      8.1642      -2.4184
203   0.2717      7.1867      -1.7053
204   -0.8158     8.9942      -2.9788
205   -1.3712     6.8911      -1.2994
206   -2.4507     8.7093      -2.3886
207   -2.8841     7.7792      -1.8829
208   -4.2274     9.0674      -2.4226
209   1.2394      8.8487      -0.5722
210   -2.7013     9.7313      -1.1992
211   0.379       8.373       -1.5852
212   -2.0766     8.8508      -1.3225
213   -1.2769     7.9244      -2.2142
214   -0.613      9.2795      -0.9426
215   -0.0047     10.2243     0.4904
216   -2.1988     2.5696      2.3465
217   -1.4426     2.9881      1.8932
218   -1.7922     3.7417      2.1434
219   -0.7319     2.9796      1.1744
220   -1.3902     4.8334      1.7646
221   0.4362      2.8098      0.7006
222   -0.8973     5.869       1.7337
223   1.7674      2.846       0.4622
224   -0.4881     7.0641      1.3248
225   2.0515      3.9857      0.246
226   0.5314      6.8622      1.0009
227   2.6339      4.9936      0.1743
228   1.4525      7.0861      0.774
229   2.9105      5.9846      -0.2425
230   2.2159      7.1441      -0.0358
231   2.1788      6.2913      -1.0887
232   -2.398      2.9863      1.1119
233   -1.6049     3.2118      0.5434
234   -2.0445     4.1615      0.9445
235   -0.4644     3.3208      0.0434
236   -1.22       5.5221      0.8479
237   1.0122      3.1006      -0.6083
238   -0.8025     6.6243      0.6267
239   1.5631      4.3552      -0.5455
240   0.5325      6.6186      0.1266
241   2.0378      5.6086      -0.5815
242   1.6194      6.6624      -0.3659
243   2.9626      6.7931      -0.9661
244   -2.843      3.4044      0.3058
245   -1.3845     3.8796      -0.5247
246   -1.7038     4.7718      -0.1888
247   0.3112      3.8756      -1.4449
248   -0.7566     6.0841      -0.4998
249   1.2396      5.3517      -1.1843
250   0.8583      6.6577      -0.9435
251   2.2959      6.5         -1.4578
252   -1.0402     3.862       1.37
253   2.0465      6.2013      0.4474
254   -0.803      4.32        0.4229
255   0.848       5.4194      -0.1739
256   -0.1941     5.1404      -0.8405
257   0.4911      4.8899      0.7048
258   0.6946      4.7601      2.5573
259   3.2166      -2.1673     -3.3182
260   3.4575      -1.754      -4.479
261   3.6758      -1.0355     -3.6498
262   3.3499      -1.5859     -5.678
263   4.1906      -0.0829     -3.8152
264   3.0984      -1.1437     -6.8826
265   4.1202      1.0172      -4.2335
266   3.0537      -0.5519     -7.734
267   4.1544      2.0334      -4.4849
268   3.4925      0.3785      -7.9282
269   4.1924      2.4671      -5.2228
270   3.8249      1.2204      -8.2498
271   4.1096      2.923       -6.3222
272   3.6921      2.2312      -8.4615
273   4.0396      2.9986      -7.4559
274   3.9079      3.1883      -8.7431
275   2.5652      -1.6031     -3.6398
276   2.5384      -1.3344     -4.993
277   2.8835      -0.3153     -3.9576
278   2.5442      -0.8447     -6.1094
279   3.1951      0.728       -4.2686
280   2.2823      -0.0631     -7.3098
281   3.191       1.9677      -4.794
282   2.7632      1.1385      -7.3613
283   3.2481      2.4925      -5.7439
284   2.9903      2.3018      -7.7287
285   3.1047      3.0238      -7.1117
286   3.2069      3.2014      -8.3056
287   1.6902      -1.1541     -3.9767
288   1.6705      -0.4084     -5.3548
289   1.9709      0.428       -4.1789
290   1.4728      0.463       -6.8432
291   2.2891      1.9437      -4.8372
292   1.9519      2.0821      -7.4826
293   2.2495      2.6144      -6.4686
294   2.3504      3.3456      -8.1117
295   3.9351      -0.8224     -4.8303
296   3.9034      2.1232      -7.1615
297   2.6866      -0.128      -5.156
298   2.8533      1.7908      -6.5255
299   2.0932      1.0965      -5.8775
300   3.6396      0.6469      -6.0249
301   5.2832      0.1361      -5.8743
302   2.7664      8.1533      -2.4198
303   3.9146      7.9755      -2.9998
304   3.5041      8.9468      -2.1183
305   3.9363      8.0146      -4.0786
306   2.636       9.6488      -2.4616
307   3.8061      8.2007      -5.1619
308   1.8391      10.1515     -2.7948
309   3.5978      8.4603      -6.2062
310   0.9447      10.5963     -3.0615
311   2.7463      9.1942      -6.3969
312   0.5905      10.6319     -4.2486
313   1.9914      9.8693      -6.8574
314   0.4889      10.7621     -5.2966
315   1.3669      10.5123     -7.0717
316   0.6209      11.1564     -6.3839
317   0.4074      11.1316     -7.098
318   3.6171      7.6289      -1.7409
319   3.0206      7.5809      -3.3192
320   2.618       8.4661      -2.5646
321   2.8318      7.9115      -4.5919
322   1.4654      9.0364      -3.0137
323   2.6947      8.076       -5.8228
324   0.5563      9.7771      -3.3441
325   1.5881      8.8408      -6.3648
326   0.3806      9.6396      -4.7
327   0.816       9.3882      -6.7655
328   0.2989      10.0145     -5.98
329   0.0731      10.4273     -7.459
330   2.9961      7.0272      -2.1828
331   2.0949      7.0954      -3.7671
332   1.5877      7.8834      -3.1967
333   1.7407      7.3681      -5.4801
334   0.2701      8.7144      -3.7961
335   0.5691      8.3856      -6.4172
336   -0.0178     8.9098      -5.6592
337   -0.5033     9.3317      -7.2513
338   3.3087      8.7691      -3.1561
339   1.3174      10.3922     -5.9331
340   2.2401      8.488       -3.8078
341   1.1175      8.7622      -5.4812
342   1.0469      8.047       -4.7343
343   2.0713      9.3848      -4.5149
344   3.3329      10.7549     -4.1529
345   4.2436      4.2599      -9.0777
346   4.1821      5.0737      -8.1513
347   4.5006      4.1069      -7.8057
348   3.9044      5.7869      -7.5469
349   4.6627      3.9821      -6.8115
350   3.6965      6.5202      -6.7663
351   4.6376      3.5859      -5.7008
352   3.6325      7.3987      -5.9966
353   4.7348      3.0327      -4.6723
354   3.9235      7.1032      -5.1197
355   4.5918      3.7744      -4.0184
356   4.3132      6.9398      -4.0042
357   4.6218      4.7219      -3.2008
358   4.2666      6.6867      -2.9067
359   4.3158      5.5974      -2.4565
360   3.8735      6.4676      -1.8986
361   3.5488      4.2239      -8.8692
362   3.1425      5.1725      -7.7878
363   3.6673      4.1565      -7.4906
364   2.9669      5.968       -6.9707
365   3.5283      3.9108      -6.0187
366   2.8021      6.9899      -6.0615
367   3.6839      3.2262      -4.7942
368   3.0075      6.5383      -4.7336
369   3.8013      4.4792      -4.1917
370   3.2961      6.4287      -3.6559
371   3.6228      5.3186      -3.3497
372   3.1431      5.9756      -2.5603
373   2.8057      4.273       -8.4426
374   2.1999      4.9557      -7.0697
375   2.5338      3.926       -6.7185
376   1.977       6.3313      -5.952
377   2.612       3.4768      -4.9571
378   2.1804      6.0479      -4.2867
379   2.5479      4.8369      -3.9912
380   2.5069      6.0438      -2.5506
381   4.3646      4.9525      -7.1147
382   4.5866      5.7995      -3.5689
383   3.4591      4.9539      -6.4825
384   3.223       5.4556      -4.4817
385   2.3245      5.0125      -5.3912
386   3.9758      5.3324      -5.2918
387   5.8775      5.2611      -5.8421
388   -3.2751     2.693       2.5369
389   -2.8823     3.6557      1.9972
390   -4.1801     3.5025      2.182
391   -2.6307     4.5514      1.7533
392   -4.9851     4.3861      1.8962
393   -2.1506     5.6348      1.409
394   -5.7061     5.0199      1.4077
395   -1.9284     6.8392      1.1853
396   -6.507      5.6678      1.0899
397   -2.6856     7.4859      0.6496
398   -6.0151     6.5323      0.6848
399   -3.5615     8.165       0.3209
400   -5.6548     7.6649      0.3371
401   -4.2019     8.9615      -0.0157
402   -5.5267     8.6389      0.0875
403   -4.8855     9.7795      -0.356
404   -3.4097     2.7067      1.5965
405   -3.1304     3.9687      1.2388
406   -4.2629     3.7597      1.1501
407   -2.6788     5.2387      0.7008
408   -5.0734     4.6758      0.5589
409   -2.4654     6.2413      0.27
410   -6.1947     5.4424      0.145
411   -3.3771     7.131       -0.2699
412   -5.5713     6.682       -0.2875
413   -4.1337     8.0587      -0.5822
414   -5.2252     7.7831      -0.7094
415   -4.9666     8.7025      -1.2091
416   -3.595      2.7015      0.7036
417   -3.0903     4.451       0.1006
418   -4.3238     4.0411      -0.0079
419   -3.0728     5.9619      -0.5556
420   -5.5348     5.1942      -0.7199
421   -3.9197     6.9845      -1.2264
422   -5.1608     6.6762      -1.4021
423   -4.9021     8.2266      -1.8392
424   -3.7785     4.6007      1.6329
425   -4.5285     7.9279      0.321
426   -4.0463     4.9821      1.0274
427   -4.4708     6.9022      -0.0549
428   -4.3426     5.5192      -0.6365
429   -4.1736     6.0586      0.7386
430   -4.3482     6.3102      2.7222