ks_vdwr  = 1.122462048
mass     = 1.166138e-25
sigma    = 1e-9
time     = 5.81386e-12

# Number of Particles = 41

index	x	y	z	type	charge	diameter  mass
0	2.244924096	7.77664518681526	0			3	0	1	0.018867924528302
1	1.683693072	6.80456453846336	0			1	0	1	0.018867924528302
2	2.80615512	6.80456453846336	0			2	0	1	0.018867924528302
3	1.122462048	5.83248389011145	0			1	0	1	0.018867924528302
4	3.367386144	5.83248389011145	0			2	0	1	0.018867924528302
5	0.561231024	4.86040324175954	0			1	0	1	0.018867924528302
6	3.928617168	4.86040324175954	0			2	0	1	0.018867924528302
7	0		3.88832259340763	0			0	0	1	0.018867924528302
8	2.244924096	3.88832259340763	0			6	0       3.244924	0.132075471698113
9	4.489848192	3.88832259340763	0			0	0	1	0.018867924528302
10	0.561231024	2.91624194505572	0			2	0	1	0.018867924528302
11	3.928617168	2.91624194505572	0			1	0	1	0.018867924528302
12	1.122462048	1.94416129670382	0			2	0	1	0.018867924528302
13	3.367386144	1.94416129670382	0			1	0	1	0.018867924528302
14	1.683693072	0.972080648351908	0			2	0	1	0.018867924528302
15	2.80615512	0.972080648351908	0			1	0	1	0.018867924528302
16	2.244924096	0			0			3	0	1	0.018867924528302
17	2.244924096	6.80456453846336	0.972080648351908	3	0	1	0.018867924528302
18	1.683693072	5.83248389011145	0.972080648351908	4	0	1	0.018867924528302
19	2.80615512	5.83248389011145	0.972080648351908	4	0	1	0.018867924528302
20	1.122462048	4.86040324175954	0.972080648351908	4	0	1	0.018867924528302
21	3.367386144	4.86040324175954	0.972080648351908	4	0	1	0.018867924528302
22	0.561231024	3.88832259340763	0.972080648351908	0	0	1	0.018867924528302
23	3.928617168	3.88832259340763	0.972080648351908	0	0	1	0.018867924528302
24	1.122462048	2.91624194505572	0.972080648351908	4	0	1	0.018867924528302
25	3.367386144	2.91624194505572	0.972080648351908	4	0	1	0.018867924528302
26	1.683693072	1.94416129670382	0.972080648351908	4	0	1	0.018867924528302
27	2.80615512	1.94416129670382	0.972080648351908	4	0	1	0.018867924528302
28	2.244924096	0.972080648351908	0.972080648351908	3	0	1	0.018867924528302
29	2.244924096	5.83248389011145	1.94416129670382	3	0	1	0.018867924528302
30	1.683693072	4.86040324175954	1.94416129670382	2	0	1	0.018867924528302
31	2.80615512	4.86040324175954	1.94416129670382	1	0	1	0.018867924528302
32	1.122462048	3.88832259340763	1.94416129670382	0	0	1	0.018867924528302
33	2.244924096	3.88832259340763	1.94416129670382	4	0	1	0.018867924528302
34	3.367386144	3.88832259340763	1.94416129670382	0	0	1	0.018867924528302
35	1.683693072	2.91624194505572	1.94416129670382	1	0	1	0.018867924528302
36	2.80615512	2.91624194505572	1.94416129670382	2	0	1	0.018867924528302
37	2.244924096	1.94416129670382	1.94416129670382	3	0	1	0.018867924528302
38	2.244924096	3.88832259340763	-2.244924096		5	0	4.489848192	0.132075471698113
39	2.244924096	5.83248389011145	0			4	0	1	0.018867924528302
40	2.244924096	1.94416129670382	0			4	0	1	0.018867924528302



# Number of Edges = 119

index	e1	e2	type	length
0	0	1	0	1.122462048
1	0	2	0	1.122462048
2	1	2	1	1.122462048
3	1	3	0	1.122462048
4	1	39	1	1.122462048
5	2	39	1	1.122462048
6	2	4	0	1.122462048
7	3	39	1	1.122462048
8	3	5	0	1.122462048
9	4	39	1	1.122462048
10	4	6	0	1.122462048
11	5	7	0	1.122462048
12	6	9	0	1.122462048
13	7	10	0	1.122462048
14	9	11	0	1.122462048
15	10	12	0	1.122462048
16	11	13	0	1.122462048
17	12	40	1	1.122462048
18	12	14	0	1.122462048
19	13	40	1	1.122462048
20	13	15	0	1.122462048
21	14	40	1	1.122462048
22	14	15	1	1.122462048
23	14	16	0	1.122462048
24	15	40	1	1.122462048
25	15	16	0	1.122462048
26	3	8	1	2.244924096
27	39	8	1	2.244924096
28	4	8	1	2.244924096
29	6	8	1	2.244924096
30	9	8	1	2.244924096
31	11	8	1	2.244924096
32	13	8	1	2.244924096
33	40	8	1	2.244924096
34	12	8	1	2.244924096
35	10	8	1	2.244924096
36	7	8	1	2.244924096
37	5	8	1	2.244924096
38	38	3	0	3.17480204
39	38	4	0	3.17480204
40	38	12	0	3.17480204
41	38	13	0	3.17480204
42	17	18	1	1.122462048
43	17	19	1	1.122462048
44	18	20	1	1.122462048
45	18	19	0	1.122462048
46	19	21	1	1.122462048
47	20	22	1	1.122462048
48	21	23	1	1.122462048
49	22	24	1	1.122462048
50	23	25	1	1.122462048
51	24	26	1	1.122462048
52	25	27	1	1.122462048
53	26	27	0	1.122462048
54	26	28	1	1.122462048
55	27	28	1	1.122462048
56	29	30	0	1.122462048
57	29	31	0	1.122462048
58	30	31	1	1.122462048
59	30	32	0	1.122462048
60	30	33	1	1.122462048
61	31	33	1	1.122462048
62	31	34	0	1.122462048
63	32	33	1	1.122462048
64	32	35	0	1.122462048
65	33	34	1	1.122462048
66	33	35	1	1.122462048
67	33	36	1	1.122462048
68	35	36	1	1.122462048
69	35	37	0	1.122462048
70	36	37	0	1.122462048
71	0	17	0	1.122462048
72	1	17	1	1.122462048
73	1	18	1	1.122462048
74	3	18	1	1.122462048
75	3	20	1	1.122462048
76	5	20	1	1.122462048
77	5	22	1	1.122462048
78	7	22	0	1.122462048
79	17	29	0	1.122462048
80	18	29	1	1.122462048
81	18	30	1	1.122462048
82	20	30	1	1.122462048
83	20	32	1	1.122462048
84	22	32	0	1.122462048
85	2	17	1	1.122462048
86	2	19	1	1.122462048
87	4	19	1	1.122462048
88	4	21	1	1.122462048
89	6	21	1	1.122462048
90	6	23	1	1.122462048
91	9	23	0	1.122462048
92	19	29	1	1.122462048
93	19	31	1	1.122462048
94	21	31	1	1.122462048
95	21	34	1	1.122462048
96	23	34	0	1.122462048
97	10	22	1	1.122462048
98	10	24	1	1.122462048
99	12	24	1	1.122462048
100	12	26	1	1.122462048
101	14	26	1	1.122462048
102	14	28	1	1.122462048
103	16	28	0	1.122462048
104	24	32	1	1.122462048
105	24	35	1	1.122462048
106	26	35	1	1.122462048
107	26	37	1	1.122462048
108	28	37	0	1.122462048
109	11	23	1	1.122462048
110	11	25	1	1.122462048
111	13	25	1	1.122462048
112	13	27	1	1.122462048
113	15	27	1	1.122462048
114	15	28	1	1.122462048
115	25	34	1	1.122462048
116	25	36	1	1.122462048
117	27	36	1	1.122462048
118	27	37	1	1.122462048
	




# Number of Triangles = 76

index	t1	t2	t3	type	normal
0	0	1	2	0	1
1	1	3	39	0	1
2	2	39	4	0	1
3	1	39	2	0	1
4	12	14	40	0	1
5	14	16	15	0	1
6	14	15	40	0	1
7	13	40	15	0	1
8	8	39	3	1	1
9	8	3	5	1	1
10	8	5	7	1	1
11	8	7	10	1	1
12	8	10	12	1	1
13	8	12	40	1	1
14	8	40	13	1	1
15	8	13	11	1	1
16	8	11	9	1	1
17	8	9	6	1	1
18	8	6	4	1	1
19	8	4	39	1	1
20	29	30	31	0	1
21	30	32	33	0	1
22	30	33	31	0	1
23	31	33	34	0	1
24	32	35	33	0	1
25	33	35	36	0	1
26	34	33	36	0	1
27	35	37	36	0	1
28	29	17	18	0	1
29	29	18	30	0	1
30	30	18	20	0	1
31	30	20	32	0	1
32	32	20	22	0	1
33	0	1	17	0	1
34	17	1	18	0	1
35	18	3	20	0	1
36	18	1	3	0	1
37	3	5	20	0	1
38	20	5	22	0	1
39	22	5	7	0	1
40	29	17	19	0	1
41	29	19	31	0	1
42	31	19	21	0	1
43	31	21	34	0	1
44	34	21	23	0	1
45	17	0	2	0	1
46	17	2	19	0	1
47	19	2	4	0	1
48	19	4	21	0	1
49	21	4	6	0	1
50	21	6	23	0	1
51	23	6	9	0	1
52	32	22	24	0	1
53	32	24	35	0	1
54	35	24	26	0	1
55	35	26	37	0	1
56	37	26	28	0	1
57	22	7	10	0	1
58	22	10	24	0	1
59	24	10	12	0	1
60	26	24	12	0	1
61	26	12	14	0	1
62	26	14	28	0	1
63	28	14	16	0	1
64	34	23	25	0	1
65	34	25	36	0	1
66	36	25	27	0	1
67	36	27	37	0	1
68	37	27	28	0	1
69	23	9	11	0	1
70	23	11	25	0	1
71	25	11	13	0	1
72	25	13	27	0	1
73	27	13	15	0	1
74	27	15	28	0	1
75	28	15	16	0	1


# Number of LJ Attractions = 4

index  type1  type2  epsilon sigmahc
0	1	2	2	1
1	2	1	2	1
2	3	3	2	1
3	0	0	2	1

# Number of LJ Repulsions = 45

index  type1  type2  epsilon sigmahc
0	1	1	1	1
1	2	2	1	1
2	1	3	1	1
3	3	1	1	1
4	2	3	1	1
5	3	2	1	1
6	4	1	1	1
7	4	2	1	1
8	4	3	1	1
9	4	4	1	1
10	4	5	1	1
11	4	6	1	1
12	6	4	1	1
13	5	4	1	1
14	3	4	1	1
15	2	4	1	1
16	1	4	1	1
17	5	1	1	1
18	5	2	1	1
19	5	3	1	1
20	5	5	1	1
21	5	6	1	1
22	6	5	1	1
23	3	5	1	1
24	2	5	1	1
25	1	5	1	1
26	6	1	1	1
27	6	2	1	1
28	6	3	1	1
29	6	6	1	1
30	3	6	1	1
31	2	6	1	1
32	1	6	1	1
33	0	1	1	1
34	0	2	1	1
35	0	3	1	1
36	0	4	1	1
37	0	5	1	1
38	0	6	1	1
39	6	0	1	1
40	5	0	1	1
41	4	0	1	1
42	3	0	1	1
43	2	0	1	1
44	1	0	1	1

