ks_vdwr	=	1.122462048					
mass	=	1.01E-24					
sigma	=	1.00E-09	


#	Number	of	Particles	=	43		
							
index	x	y	z	type	charge	diameter	mass
0	2.244924096	0	0	0	0	1	1
1	1.683693072	0.972080648351908	0	1	0	1	1
2	2.80615512	0.972080648351908	0	2	0	1	1
3	1.122462048	1.94416129670382	0	1	0	1	1
4	3.367386144	1.94416129670382	0	2	0	1	1
5	0.561231024	2.91624194505572	0	1	0	1	1
6	3.928617168	2.91624194505572	0	2	0	1	1
7	0	3.88832259340763	0	3	0	1	1
8	4.489848192	3.88832259340763	0	3	0	1	1
9	0.561231024	4.86040324175954	0	2	0	1	1
10	3.928617168	4.86040324175954	0	1	0	1	1
11	1.122462048	5.83248389011145	0	2	0	1	1
12	3.367386144	5.83248389011145	0	1	0	1	1
13	1.683693072	6.80456453846336	0	2	0	1	1
14	2.80615512	6.80456453846336	0	1	0	1	1
15	2.244924096	7.77664518681526	0	0	0	1	1
16	2.244924096	0.353808421306286	0.972080648351908	0	0	1	1
17	1.61455220443543	1.53197981200673	0.972080648351908	4	-1	1	1
18	2.87529598756457	1.53197981200673	0.972080648351908	4	-1	1	1
19	0.984180312870857	2.71015120270718	0.972080648351908	4	-1	1	1
20	3.50566787912914	2.71015120270718	0.972080648351908	4	-1	1	1
21	0.353808421306286	3.88832259340763	0.972080648351908	3	0	1	1
22	4.13603977069371	3.88832259340763	0.972080648351908	3	0	1	1
23	0.984180312870857	5.06649398410808	0.972080648351908	4	-1	1	1
24	3.50566787912914	5.06649398410808	0.972080648351908	4	-1	1	1
25	1.61455220443543	6.24466537480853	0.972080648351908	4	-1	1	1
26	2.87529598756457	6.24466537480853	0.972080648351908	4	-1	1	1
27	2.244924096	7.42283676550897	0.972080648351937	0	0	1	1
28	2.244924096	0.707616842612572	1.94416129670388	0	0	1	1
29	1.47627046930629	2.2979697180101	1.94416129670388	4	0	1	1
30	3.01357772269371	2.2979697180101	1.94416129670388	4	0	1	1
31	0.707616842612572	3.88832259340763	1.94416129670388	3	0	1	1
32	3.78223134938743	3.88832259340763	1.94416129670388	3	0	1	1
33	1.47627046930629	5.47867546880516	1.94416129670388	4	0	1	1
34	3.01357772269371	5.47867546880516	1.94416129670388	4	0	1	1
35	2.244924096	7.06902834420269	1.94416129670388	0	0	1	1
36	2.244924096	1.94416129670382	0	4	0	1	1
37	2.244924096	5.83248389011145	0	4	0	1	1
38	2.244924096	2.71015120270718	0.972080648351908	4	0	1	1
39	2.244924096	5.06649398410808	0.972080648351908	4	0	1	1
40	2.244924096	3.88832259340763	1.94416129670388	4	0	1	1
41	2.244924096	3.88832259340763	0	5	0	2.80615512	7
42	2.244924096	3.88832259340763	-1.94416129670388	6	-3	3.928617168	7
							
							
							
#	Number	of	Edges	=	139		
							
index	e1	e2	type	length			
0	0	1	0	1.122462048			
1	0	2	0	1.122462048			
2	0	16	0	1.03446661903007			
3	1	2	0	1.122462048			
4	1	3	0	1.122462048			
5	1	16	0	1.28147633452058			
6	1	17	1	1.12392540674603			
7	1	36	1	1.122462048			
8	2	4	0	1.122462048			
9	2	16	0	1.28147633452058			
10	2	18	1	1.12392540674603			
11	2	36	1	1.122462048			
12	3	5	0	1.12246204799999			
13	3	17	1	1.16489788620634			
14	3	19	1	1.24531247535293			
15	3	36	0	1.122462048			
16	3	41	1	2.244924096			
17	4	6	0	1.12246204799999			
18	4	18	1	1.16489788620634			
19	4	20	1	1.24531247535293			
20	4	36	0	1.122462048			
21	4	41	1	2.244924096			
22	5	7	0	1.122462048			
23	5	19	1	1.079953833244			
24	5	21	1	1.39028979349946			
25	5	41	1	1.94416129670382			
26	6	8	0	1.122462048			
27	6	20	1	1.079953833244			
28	6	22	1	1.39028979349946			
29	6	41	1	1.94416129670382			
30	7	9	0	1.122462048			
31	7	21	0	1.03446661903007			
32	7	41	1	2.244924096			
33	8	10	0	1.122462048			
34	8	22	0	1.03446661903007			
35	8	41	1	2.244924096			
36	9	11	0	1.122462048			
37	9	21	1	1.39028979349946			
38	9	23	1	1.079953833244			
39	9	41	1	1.94416129670382			
40	10	12	0	1.122462048			
41	10	22	1	1.39028979349946			
42	10	24	1	1.079953833244			
43	10	41	1	1.94416129670382			
44	11	13	0	1.122462048			
45	11	23	1	1.24531247535293			
46	11	25	1	1.16489788620634			
47	11	37	0	1.122462048			
48	11	41	1	2.244924096			
49	12	14	0	1.122462048			
50	12	24	1	1.24531247535293			
51	12	26	1	1.16489788620634			
52	12	37	0	1.122462048			
53	12	41	1	2.244924096			
54	13	14	0	1.122462048			
55	13	15	0	1.12246204799999			
56	13	25	1	1.12392540674603			
57	13	27	0	1.2814763345206			
58	13	37	1	1.122462048			
59	14	15	0	1.12246204799999			
60	14	26	1	1.12392540674603			
61	14	27	0	1.2814763345206			
62	14	37	1	1.122462048			
63	15	27	0	1.0344666190301			
64	16	17	0	1.33620976928764			
65	16	18	0	1.33620976928764			
66	16	28	0	1.03446661903013			
67	17	18	0	1.26074378312914			
68	17	19	0	1.33620976928764			
69	17	28	0	1.42192960932792			
70	17	29	1	1.24531247535298			
71	17	38	1	1.33620976928764			
72	18	20	0	1.33620976928764			
73	18	28	0	1.42192960932792			
74	18	30	0	1.24531247535298			
75	18	38	0	1.33620976928764			
76	19	21	1	1.33620976928764			
77	19	29	1	1.16489788620639			
78	19	31	1	1.55226156489386			
79	19	38	0	1.26074378312914			
80	20	22	1	1.33620976928764			
81	20	30	0	1.16489788620639			
82	20	32	1	1.55226156489386			
83	20	38	0	1.26074378312914			
84	21	23	1	1.33620976928764			
85	21	31	0	1.03446661903013			
86	22	24	1	1.33620976928764			
87	22	32	0	1.03446661903013			
88	23	25	0	1.33620976928764			
89	23	31	1	1.55226156489386			
90	23	33	0	1.16489788620639			
91	23	39	0	1.26074378312914			
92	24	26	0	1.33620976928764			
93	24	32	1	1.55226156489386			
94	24	34	1	1.16489788620639			
95	24	39	0	1.26074378312914			
96	25	26	0	1.26074378312914			
97	25	27	0	1.33620976928764			
98	25	33	0	1.24531247535298			
99	25	35	0	1.42192960932792			
100	25	39	0	1.33620976928764			
101	26	27	0	1.33620976928764			
102	26	34	1	1.24531247535298			
103	26	35	0	1.42192960932792			
104	26	39	1	1.33620976928764			
105	27	35	0	1.03446661903011			
106	28	29	0	1.76636651522683			
107	28	30	0	1.76636651522683			
108	29	30	1	1.53730725338743			
109	29	31	0	1.76636651522683			
110	29	40	1	1.76636651522683			
111	30	32	0	1.76636651522683			
112	30	40	1	1.76636651522683			
113	31	33	0	1.76636651522683			
114	31	40	1	1.53730725338743			
115	32	34	0	1.76636651522683			
116	32	40	1	1.53730725338743			
117	33	34	1	1.53730725338743			
118	33	35	0	1.76636651522683			
119	33	40	1	1.76636651522683			
120	34	35	0	1.76636651522683			
121	34	40	1	1.76636651522683			
122	36	41	1	1.94416129670381			
123	37	41	1	1.94416129670382			
124	38	30	0	1.30601024538741			
125	39	33	0	1.30601024538741			
126	42	3	0	2.96975543511628			
127	42	5	0	2.74945927323945			
128	42	7	0	2.96975543511629			
129	42	9	0	2.74945927323945			
130	42	11	0	2.96975543511629			
131	42	37	0	2.74945927323945			
132	42	12	0	2.96975543511629			
133	42	10	0	2.74945927323945			
134	42	8	0	2.96975543511629			
135	42	6	0	2.74945927323945			
136	42	4	0	2.96975543511628			
137	42	36	0	2.74945927323944			
138	42	41	0	1.94416129670388			


	
							
							
#	Number	of	Triangles	=	85		
							
index	t1	t2	t3	type	normal		
0	0	1	2	0	1		
1	1	3	36	0	1		
2	2	1	36	0	1		
3	2	36	4	0	1		
4	4	36	41	1	1		
5	36	3	41	1	1		
6	3	5	41	1	1		
7	5	7	41	1	1		
8	7	9	41	1	1		
9	9	11	41	1	1		
10	11	37	41	1	1		
11	37	12	41	1	1		
12	12	10	41	1	1		
13	10	8	41	1	1		
14	8	6	41	1	1		
15	6	4	41	1	1		
16	4	36	41	1	1		
17	11	13	37	0	1		
18	37	13	14	0	1		
19	12	37	14	0	1		
20	14	13	15	0	1		
21	16	17	18	0	1		
22	18	17	38	0	1		
23	17	19	38	0	1		
24	18	38	20	0	1		
25	23	25	39	0	1		
26	39	25	26	0	1		
27	24	39	26	0	1		
28	26	25	27	0	1		
29	28	29	30	0	1		
30	30	29	40	1	1		
31	29	31	40	1	1		
32	31	33	40	1	1		
33	33	34	40	1	1		
34	34	32	40	1	1		
35	32	30	40	1	1		
36	33	35	34	0	1		
37	5	7	21	0	1		
38	5	21	19	0	1		
39	3	5	19	0	1		
40	3	19	17	0	1		
41	1	3	17	0	1		
42	1	17	16	0	1		
43	0	1	16	0	1		
44	19	21	31	0	1		
45	19	31	29	0	1		
46	17	19	29	0	1		
47	17	29	28	0	1		
48	16	17	28	0	1		
49	2	0	16	0	1		
50	2	16	18	0	1		
51	4	2	18	0	1		
52	4	18	20	0	1		
53	6	4	20	0	1		
54	6	20	22	0	1		
55	6	22	8	0	1		
56	18	16	28	0	1		
57	18	28	30	0	1		
58	20	18	30	0	1		
59	20	30	32	0	1		
60	22	20	32	0	1		
61	9	7	21	0	1		
62	9	21	23	0	1		
63	9	23	11	0	1		
64	11	23	25	0	1		
65	13	11	25	0	1		
66	13	25	27	0	1		
67	15	13	27	0	1		
68	23	21	31	0	1		
69	23	31	33	0	1		
70	25	23	33	0	1		
71	25	33	35	0	1		
72	27	25	35	0	1		
73	14	15	27	0	1		
74	14	27	26	0	1		
75	14	26	12	0	1		
76	12	26	24	0	1		
77	12	24	10	0	1		
78	10	24	22	0	1		
79	10	22	8	0	1		
80	26	27	35	0	1		
81	26	35	34	0	1		
82	24	26	34	0	1		
83	24	34	32	0	1		
84	22	24	32	0	1		




#	Number	of	LJ	Attractions	=	4
						
index	type1	type2	epsilon	sigmahc		
0	1	2	2	1
1	2	1	2	1
2	3	3	2	1
3	0	0	2	1



						
#	Number	of	LJ	Repulsions	=	45
						
index	type1	type2	epsilon	sigmahc		
0	1	1	1	1
1	2	2	1	1
2	1	3	1	1
3	3	1	1	1
4	2	3	1	1
5	3	2	1	1
6	4	1	1	1
7	4	2	1	1
8	4	3	1	1
9	4	4	1	1
10	4	5	1	1
11	4	6	1	1
12	6	4	1	1
13	5	4	1	1
14	3	4	1	1
15	2	4	1	1
16	1	4	1	1
17	5	1	1	1
18	5	2	1	1
19	5	3	1	1
20	5	5	1	1
21	5	6	1	1
22	6	5	1	1
23	3	5	1	1
24	2	5	1	1
25	1	5	1	1
26	6	1	1	1
27	6	2	1	1
28	6	3	1	1
29	6	6	1	1
30	3	6	1	1
31	2	6	1	1
32	1	6	1	1
33	0	1	1	1
34	0	2	1	1
35	0	3	1	1
36	0	4	1	1
37	0	5	1	1
38	0	6	1	1
39	6	0	1	1
40	5	0	1	1
41	4	0	1	1
42	3	0	1	1
43	2	0	1	1
44	1	0	1	1

