ks_vdwr  = 1.122462048
mass     = 8.05797e-25
sigma    = 1e-9

# Number of Particles = 51

index	    x			y		z	type	charge	diameter  mass
0	2.244924096	7.77664518681526	0			3	0	1		1
1	1.683693072	6.80456453846336	0			1	0	1		1
2	2.80615512	6.80456453846336	0			2	0	1		1
3	1.122462048	5.83248389011145	0			1	0	1		1
4	2.244924096	5.83248389011145	0			4	0	1		1
5	3.367386144	5.83248389011145	0			2	0	1		1
6	0.561231024	4.86040324175954	0			1	0	1		1
7	3.928617168	4.86040324175954	0			2	0	1		1
8	0		3.88832259340763	0			0	0	1		1
9	2.244924096	3.88832259340763	0			5	0	3.244924	7
10	4.489848192	3.88832259340763	0			0	0	1		1
11	0.561231024	2.91624194505572	0			2	0	1		1
12	3.928617168	2.91624194505572	0			1	0	1		1
13	1.122462048	1.94416129670382	0			2	0	1		1
14	2.244924096	1.94416129670382	0			4	0	1		1
15	3.367386144	1.94416129670382	0			1	0	1		1
16	1.683693072	0.972080648351908	0			2	0	1		1
17	2.80615512	0.972080648351908	0			1	0	1		1
18	2.244924096	0			0			3	0	1		1
19	2.244924096	7.29060486263931	0.972080648351908	3	0	1		1
20	1.40307756	6.3185242142874		0.972080648351908	4	-1	1		1
21	3.086770632	6.3185242142874		0.972080648351908	4	-1	1		1
22	0.841846536	5.34644356593549	0.972080648351908	4	-1	1		1
23	3.648001656	5.34644356593549	0.972080648351908	4	-1	1		1
24	0.280615512	4.37436291758359	0.972080648351908	0	0	1		1
25	4.20923268	4.37436291758359	0.972080648351908	0	0	1		1
26	0.280615512	3.40228226923168	0.972080648351908	0	0	1		1
27	4.20923268	3.40228226923168	0.972080648351908	0	0	1		1
28	0.841846536	2.43020162087977	0.972080648351908	4	-1	1		1
29	3.648001656	2.43020162087977	0.972080648351908	4	-1	1		1
30	1.40307756	1.45812097252786	0.972080648351908	4	-1	1		1
31	3.086770632	1.45812097252786	0.972080648351908	4	-1	1		1
32	2.244924096	0.486040324175954	0.972080648351908	3	0	1		1
33	1.683693072	6.80456453846336	1.94416129670382	3	0	1		1
34	2.80615512	6.80456453846336	1.94416129670382	3	0	1		1
35	1.122462048	5.83248389011145	1.94416129670382	2	0	1		1
36	2.244924096	5.83248389011145	1.94416129670382	4	0	1		1
37	3.367386144	5.83248389011145	1.94416129670382	1	0	1		1
38	0.561231024	4.86040324175954	1.94416129670382	4	0	1		1
39	3.928617168	4.86040324175954	1.94416129670382	4	0	1		1
40	0	3.88832259340763	1.94416129670382	0	0	1	1
41	2.244924096	3.88832259340763	1.94416129670382	5	0	3.244924	7
42	4.489848192	3.88832259340763	1.94416129670382	0	0	1		1
43	0.561231024	2.91624194505572	1.94416129670382	4	0	1		1
44	3.928617168	2.91624194505572	1.94416129670382	4	0	1		1
45	1.122462048	1.94416129670382	1.94416129670382	1	0	1		1
46	2.244924096	1.94416129670382	1.94416129670382	4	0	1		1
47	3.367386144	1.94416129670382	1.94416129670382	2	0	1		1
48	1.683693072	0.972080648351908	1.94416129670382	3	0	1		1
49	2.80615512	0.972080648351908	1.94416129670382	3	0	1		1
50	2.244924096	3.88832259340763	-1.944161297		6	-3	3.244924	7





# Number of Edges = 148

index	e1	e2	type	length
0	0	1	0	1.122462048
1	0	2	0	1.122462048
2	1	2	1	1.122462048
3	1	3	0	1.122462048
4	1	4	1	1.122462048
5	2	4	1	1.122462048
6	2	5	0	1.122462048
7	3	4	1	1.122462048
8	3	6	0	1.122462048
9	4	5	1	1.122462048
10	5	7	0	1.122462048
11	6	8	0	1.122462048
12	7	10	0	1.122462048
13	8	11	0	1.122462048
14	10	12	0	1.122462048
15	11	13	0	1.122462048
16	13	14	1	1.122462048
17	13	16	0	1.122462048
18	14	16	1	1.122462048
19	14	17	1	1.122462048
20	14	15	1	1.122462048
21	12	15	0	1.122462048
22	15	17	0	1.122462048
23	16	17	1	1.122462048
24	16	18	0	1.122462048
25	17	18	0	1.122462048
26	4	9	1	2.244924096
27	5	9	1	2.244924096
28	7	9	1	2.244924096
29	10	9	1	2.244924096
30	12	9	1	2.244924096
31	15	9	1	2.244924096
32	14	9	1	2.244924096
33	13	9	1	2.244924096
34	11	9	1	2.244924096
35	8	9	1	2.244924096
36	6	9	1	2.244924096
37	3	9	1	2.244924096
38	3	50	0	2.96975543511625
39	5	50	0	2.96975543511625
40	13	50	0	2.96975543511625
41	15	50	0	2.96975543511625
42	19	20	1	1.01177361720658
43	19	21	1	1.01177361720658
44	20	22	1	1.122462048
45	21	23	1	1.122462048
46	22	24	1	1.122462048
47	23	25	1	1.122462048
48	24	26	1	1.122462048
49	25	27	1	1.122462048
50	26	28	1	1.122462048
51	27	29	1	1.122462048
52	28	30	1	1.122462048
53	29	31	1	1.122462048
54	30	32	1	1.01177361720658
55	31	32	1	1.01177361720658
56	33	34	0	1.122462048
57	33	35	0	1.122462048
58	33	36	1	1.122462048
59	34	36	1	1.122462048
60	34	37	0	1.122462048
61	35	36	1	1.122462048
62	35	38	0	1.122462048
63	36	37	1	1.122462048
64	37	39	0	1.122462048
65	38	40	0	1.122462048
66	39	42	0	1.122462048
67	40	43	0	1.122462048
68	42	44	0	1.122462048
69	43	45	0	1.122462048
70	44	47	0	1.122462048
71	45	46	1	1.122462048
72	45	48	0	1.122462048
73	46	47	1	1.122462048
74	46	48	1	1.122462048
75	46	49	1	1.122462048
76	47	49	0	1.122462048
77	48	49	0	1.122462048
78	36	41	1	2.244924096
79	37	41	1	2.244924096
80	39	41	1	2.244924096
81	42	41	1	2.244924096
82	44	41	1	2.244924096
83	47	41	1	2.244924096
84	46	41	1	2.244924096
85	45	41	1	2.244924096
86	43	41	1	2.244924096
87	40	41	1	2.244924096
88	38	41	1	2.244924096
89	35	41	1	2.244924096
90	8	24	0	1.122462048
91	6	24	1	1.122462048
92	6	22	1	1.122462048
93	3	22	1	1.122462048
94	3	20	1	1.122462048
95	1	20	1	1.122462048
96	1	19	1	1.122462048
97	0	19	0	1.122462048
98	2	19	1	1.122462048
99	2	21	1	1.122462048
100	5	21	1	1.122462048
101	5	23	1	1.122462048
102	7	23	1	1.122462048
103	7	25	1	1.122462048
104	10	25	0	1.122462048
105	8	26	0	1.122462048
106	11	26	1	1.122462048
107	11	28	1	1.122462048
108	13	28	1	1.122462048
109	13	30	1	1.122462048
110	16	30	1	1.122462048
111	16	32	1	1.122462048
112	18	32	0	1.122462048
113	17	32	1	1.122462048
114	17	31	1	1.122462048
115	15	31	1	1.122462048
116	15	29	1	1.122462048
117	12	29	1	1.122462048
118	12	27	1	1.122462048
119	10	27	0	1.122462048
120	24	40	0	1.122462048
121	24	38	1	1.122462048
122	22	38	1	1.122462048
123	22	35	1	1.122462048
124	20	35	1	1.122462048
125	20	33	1	1.122462048
126	19	33	0	1.122462048
127	19	34	0	1.122462048
128	21	34	1	1.122462048
129	21	37	1	1.122462048
130	23	37	1	1.122462048
131	23	39	1	1.122462048
132	25	39	1	1.122462048
133	25	42	0	1.122462048
134	26	40	0	1.122462048
135	26	43	1	1.122462048
136	28	43	1	1.122462048
137	28	45	1	1.122462048
138	30	45	1	1.122462048
139	30	48	1	1.122462048
140	32	48	0	1.122462048
141	32	49	0	1.122462048
142	31	49	1	1.122462048
143	31	47	1	1.122462048
144	29	47	1	1.122462048
145	29	44	1	1.122462048
146	27	44	1	1.122462048
147	27	42	0	1.122462048

	




# Number of Triangles = 96

index	t1	t2	t3	type	normal
0	0	1	2	0	1
1	1	4	2	0	1
2	1	3	4	0	1
3	2	4	5	0	1
4	4	3	9	1	1
5	3	6	9	1	1
6	6	8	9	1	1
7	8	11	9	1	1
8	11	13	9	1	1
9	13	14	9	1	1
10	14	15	9	1	1
11	15	12	9	1	1
12	12	10	9	1	1
13	10	7	9	1	1
14	7	5	9	1	1
15	5	4	9	1	1
16	14	13	16	0	1
17	14	16	17	0	1
18	15	14	17	0	1
19	17	16	18	0	1
20	33	35	36	0	1
21	34	33	36	0	1
22	34	36	37	0	1
23	36	35	41	1	1
24	35	38	41	1	1
25	38	40	41	1	1
26	40	43	41	1	1
27	43	45	41	1	1
28	45	46	41	1	1
29	46	47	41	1	1
30	47	44	41	1	1
31	44	42	41	1	1
32	42	39	41	1	1
33	39	37	41	1	1
34	37	36	41	1	1
35	46	45	48	0	1
36	46	48	49	0	1
37	47	46	49	0	1
38	38	40	24	0	1
39	35	38	22	0	1
40	33	35	20	0	1
41	38	24	22	0	1
42	35	22	20	0	1
43	33	20	19	0	1
44	34	19	21	0	1
45	37	34	21	0	1
46	37	21	23	0	1
47	39	37	23	0	1
48	39	23	25	0	1
49	42	39	25	0	1
50	43	40	26	0	1
51	43	26	28	0	1
52	45	43	28	0	1
53	45	28	30	0	1
54	48	45	30	0	1
55	48	30	32	0	1
56	49	32	31	0	1
57	49	31	47	0	1
58	47	31	29	0	1
59	47	29	44	0	1
60	44	29	27	0	1
61	44	27	42	0	1
62	24	8	6	0	1
63	22	24	6	0	1
64	22	6	3	0	1
65	20	22	3	0	1
66	20	3	1	0	1
67	19	20	1	0	1
68	19	1	0	0	1
69	19	0	2	0	1
70	21	19	2	0	1
71	21	2	5	0	1
72	23	21	5	0	1
73	23	5	7	0	1
74	23	7	25	0	1
75	25	7	10	0	1
76	8	11	26	0	1
77	28	26	11	0	1
78	28	11	13	0	1
79	28	13	30	0	1
80	30	13	16	0	1
81	30	16	32	0	1
82	32	16	18	0	1
83	32	18	17	0	1
84	31	32	17	0	1
85	31	17	15	0	1
86	29	31	15	0	1
87	29	15	12	0	1
88	27	12	10	0	1
89	49	48	32	0	1
90	34	33	19	0	1
91	40	24	26	0	1
92	24	8	26	0	1
93	42	25	27	0	1
94	25	10	27	0	1
95	29	12	27	0	1





# Number of LJ Attractions = 4

index  type1  type2  epsilon sigmahc
0	1	2	2	1
1	2	1	2	1
2	3	3	2	1
3	0	0	2	1

# Number of LJ Repulsions = 45

index  type1  type2  epsilon sigmahc
0	1	1	1	1
1	2	2	1	1
2	1	3	1	1
3	3	1	1	1
4	2	3	1	1
5	3	2	1	1
6	4	1	1	1
7	4	2	1	1
8	4	3	1	1
9	4	4	1	1
10	4	5	1	1
11	4	6	1	1
12	6	4	1	1
13	5	4	1	1
14	3	4	1	1
15	2	4	1	1
16	1	4	1	1
17	5	1	1	1
18	5	2	1	1
19	5	3	1	1
20	5	5	1	1
21	5	6	1	1
22	6	5	1	1
23	3	5	1	1
24	2	5	1	1
25	1	5	1	1
26	6	1	1	1
27	6	2	1	1
28	6	3	1	1
29	6	6	1	1
30	3	6	1	1
31	2	6	1	1
32	1	6	1	1
33	0	1	1	1
34	0	2	1	1
35	0	3	1	1
36	0	4	1	1
37	0	5	1	1
38	0	6	1	1
39	6	0	1	1
40	5	0	1	1
41	4	0	1	1
42	3	0	1	1
43	2	0	1	1
44	1	0	1	1
