ks_vdwr  = 1.122462048
mass     = 4.1406e-24
sigma    = 1e-9

# Number of Particles = 77

index	x			y		      z	          type charge diameter mass
0	0	            0	            0	            1	0	1	1
1	1	            0	            0	            1	0	1	1
2	2	            0	            0	            1	0	1	1
3	3	            0	            0	            1	0	1	1
4	4	            0	            0	            1	0	1	1
5	5	            0	            0	            1	0	1	1
6	6	            0	            0	            1	0	1	1
7	7	            0	            0	            1	0	1	1
8	6.5	            0.866025403784439	0	            1	0	1	1
9	6	            1.73205080756888	0	            1	0	1	1
10	5.5	            2.59807621135332	0	            1	0	1	1
11	5	            3.46410161513775	0	            1	0	1	1
12	4.5	            4.33012701892219	0	            1	0	1	1
13	4	            5.19615242270663	0	            1	0	1	1
14	3.5	            6.06217782649107	0	            1	0	1	1
15	3	            5.19615242270663	0           	1	0	1	1
16	2.5	            4.33012701892219	0	            1	0	1	1
17	2	            3.46410161513775	0	            1	0	1	1
18	1.5	            2.59807621135332	0	            1	0	1	1
19	1	            1.73205080756888	0	            1	0	1	1
20	0.5	            0.866025403784439	0	            1	0	1	1
21	0.509036960455127	0.293892626146236	0.809016994374947	2	0	1	1
22	1.50602464030342	0.293892626146236	0.809016994374947	1	0	1	1
23	2.50301232015171	0.293892626146236	0.809016994374947	2	0	1	1
24	3.5	            0.293892626146236	0.809016994374947	1	0	1	1
25	4.49698767984829	0.293892626146236	0.809016994374947	2	0	1	1
26	5.49397535969658	0.293892626146236	0.809016994374947	1	0	1	1
27	6.49096303954487	0.293892626146236	0.809016994374947	2	0	1	1
28	5.99246919962073	1.15730928415496	0.809016994374947	1	0	1	1
29	5.49397535969658	2.02072594216369	0.809016994374947	2	0	1	1
30	4.99548151977244	2.88414260017242	0.809016994374947	1	0	1	1
31	4.49698767984829	3.74755925818114	0.809016994374947	2	0	1	1
32	3.99849383992415	4.61097591618987	0.809016994374947	1	0	1	1
33	3.5	            5.4743925741986	0.809016994374947	2	0	1	1
34	3.00150616007585	4.61097591618987	0.809016994374947	1	0	1	1
35	2.50301232015171	3.74755925818114	0.809016994374947	2	0	1	1
36	2.00451848022756	2.88414260017242	0.809016994374947	1	0	1	1
37	1.50602464030342	2.02072594216369	0.809016994374947	2	0	1	1
38	1.00753080037927	1.15730928415496	0.809016994374947	1	0	1	1
39	1.01807392091025	0.587785252292473	1.6180339887499	2	0	1	1
40	1.84538261394017	0.587785252292473	1.6180339887499	1	0	1	1
41	2.67269130697009	0.587785252292473	1.6180339887499	1	0	1	1
42	3.5	            0.587785252292473	1.6180339887499	2	0	1	1
43	4.32730869302992	0.587785252292473	1.6180339887499	1	0	1	1
44	5.15461738605983	0.587785252292473	1.6180339887499	1	0	1	1
45	5.98192607908975	0.587785252292473	1.6180339887499	2	0	1	1
46	5.56827173257479	1.30425559722808	1.6180339887499	1	0	1	1
47	5.15461738605983	2.02072594216369	1.6180339887499	1	0	1	1
48	4.74096303954487	2.7371962870993	1.6180339887499	2	0	1	1
49	4.32730869302992	3.45366663203491	1.6180339887499	1	0	1	1
50	3.91365434651496	4.17013697697052	1.6180339887499	1	0	1	1
51	3.5	            4.88660732190612	1.6180339887499	2	0	1	1
52	3.08634565348504	4.17013697697052	1.6180339887499	1	0	1	1
53	2.67269130697009	3.45366663203491	1.6180339887499	1	0	1	1
54	2.25903696045513	2.7371962870993	1.6180339887499	2	0	1	1
55	1.84538261394017	2.02072594216369	1.6180339887499	1	0	1	1
56	1.43172826742521	1.30425559722808	1.6180339887499	1	0	1	1
57	3.5	            2.02072594216369	1.6180339887499	5	0	2.4	1
58	3.5	            2.02072594216369	0	            6	0	3.6	1
59	3.5	            3.45366663203491	1.6180339887499	1	0	1	1
60	4.74096303954487	1.30425559722808	1.6180339887499	1	0	1	1
61	2.25903696045513	1.30425559722808	1.6180339887499	1	0	1	1
62	3.5	            4.33012701892219	0	            1	0	1	1
63	1.5         	0.866025403784439	0	            1	0	1	1
64	5.5	            0.866025403784439	0	            1	0	1	1
65    3.5               4.29882206961365  2.42705098312484  1     0     1     1
66    3.00677772034135  3.44453602181992  2.42705098312484  1     0     1     1
67    2.51355544068269  2.59024997402618  2.42705098312484  1     0     1     1
68    2.02033316102404  1.73596392623244  2.42705098312484  1     0     1     1
69    1.52711088136538  0.88167787843871  2.42705098312484  1     0     1     1
70    2.51355544068269  0.88167787843871  2.42705098312484  1     0     1     1
71    3.5               0.88167787843871  2.42705098312484  1     0     1     1
72    4.48644455931731  0.88167787843871  2.42705098312484  1     0     1     1
73    5.47288911863462  0.88167787843871  2.42705098312484  1     0     1     1
74    4.97966683897596  1.73596392623244  2.42705098312484  1     0     1     1
75    4.48644455931731  2.59024997402618  2.42705098312484  1     0     1     1
76    3.99322227965865  3.44453602181992  2.42705098312484  1     0     1     1





#     Number      of    Edges =     222

index e1    e2    type  length      
0     0     1     0     1     
1     1     2     0     1     
2     2     3     0     1     
3     3     4     0     1     
4     4     5     0     1     
5     5     6     0     1     
6     6     7     0     1     
7     7     8     0     1     
8     8     9     0     1     
9     9     10    0     1     
10    10    11    0     1     
11    11    12    0     1     
12    12    13    0     1     
13    13    14    0     1     
14    14    15    0     1     
15    15    16    0     1     
16    16    17    0     1     
17    17    18    0     1     
18    18    19    0     1     
19    19    20    0     1     
20    20    0     0     1     
21    21    22    1     0.996987679848291 
22    22    23    1     0.996987679848291 
23    23    24    1     0.996987679848291 
24    24    25    1     0.996987679848291 
25    25    26    1     0.99698767984829  
26    26    27    1     0.996987679848291 
27    27    28    1     0.996987679848291 
28    28    29    1     0.996987679848291 
29    29    30    1     0.996987679848291 
30    30    31    1     0.996987679848291 
31    31    32    1     0.996987679848291 
32    32    33    1     0.996987679848291 
33    33    34    1     0.996987679848291 
34    34    35    1     0.996987679848291 
35    35    36    1     0.996987679848291 
36    36    37    1     0.996987679848291 
37    37    38    1     0.996987679848291 
38    38    21    1     0.996987679848291 
39    39    40    0     0.827308693029915 
40    40    41    0     0.827308693029916 
41    41    42    1     0.827308693029915 
42    42    43    1     0.827308693029915 
43    43    44    0     0.827308693029916 
44    44    45    0     0.827308693029915 
45    45    46    0     0.827308693029915 
46    46    47    0     0.827308693029915 
47    47    48    1     0.827308693029915 
48    48    49    1     0.827308693029915 
49    49    50    0     0.827308693029915 
50    50    51    0     0.827308693029916 
51    51    52    0     0.827308693029916 
52    52    53    0     0.827308693029915 
53    53    54    1     0.827308693029915 
54    54    55    1     0.827308693029915 
55    55    56    0     0.827308693029915 
56    56    39    0     0.827308693029915 
57    21    1     1     0.990921832986712 
58    1     22    1     0.998469984268335 
59    22    2     1     0.992417769328005 
60    2     23    1     0.996946722305164 
61    23    3     1     0.993920583754855 
62    3     24    1     0.99543024511545  
63    24    4     1     0.99543024511545  
64    4     25    1     0.993920583754856 
65    25    5     1     0.996946722305164 
66    5     26    1     0.992417769328005 
67    26    6     1     0.998469984268335 
68    6     27    1     0.990921832986712 
69    40    22    1     0.925227111125397 
70    41    23    1     0.87730971239256  
71    42    24    1     0.860744661842643 
72    43    25    1     0.87730971239256  
73    44    26    1     0.925227111125396 
74    21    40    1     1.58956002669889  
75    22    41    1     1.44982498392107  
76    23    42    1     1.31714304715163  
77    24    43    1     1.19386810262     
78    25    44    1     1.08321660040016  
79    26    45    1     0.98943280592818  
80    7     27    0     1     
81    27    8     1     0.990921832986712 
82    8     28    1     0.998469984268335 
83    28    9     1     0.992417769328005 
84    9     29    1     0.996946722305164 
85    29    10    1     0.993920583754856 
86    10    30    1     0.99543024511545  
87    30    11    1     0.99543024511545  
88    11    31    1     0.993920583754855 
89    31    12    1     0.996946722305164 
90    12    32    1     0.992417769328005 
91    32    13    1     0.998469984268335 
92    13    33    1     0.990921832986712 
93    45    27    0     1     
94    46    28    1     0.925227111125396 
95    47    29    1     0.877309712392559 
96    48    30    1     0.860744661842643 
97    49    31    1     0.87730971239256  
98    50    32    1     0.925227111125397 
99    51    33    0     1     
100   46    27    1     1.58956002669889  
101   47    28    1     1.44982498392106  
102   48    29    1     1.31714304715163  
103   49    30    1     1.19386810262     
104   50    31    1     1.08321660040016  
105   51    32    1     0.98943280592818  
106   14    33    0     1     
107   33    15    1     0.990921832986712 
108   15    34    1     0.998469984268335 
109   34    16    1     0.992417769328005 
110   16    35    1     0.996946722305164 
111   35    17    1     0.993920583754855 
112   17    36    1     0.99543024511545  
113   36    18    1     0.99543024511545  
114   18    37    1     0.993920583754856 
115   37    19    1     0.996946722305164 
116   19    38    1     0.992417769328005 
117   38    20    1     0.998469984268335 
118   20    21    1     0.990921832986712 
119   21    0     0     1     
120   52    34    1     0.925227111125397 
121   53    35    1     0.87730971239256  
122   54    36    1     0.860744661842643 
123   55    37    1     0.87730971239256  
124   56    38    1     0.925227111125397 
125   39    21    0     1     
126   52    33    1     1.58956002669889  
127   53    34    1     1.44982498392106  
128   54    35    1     1.31714304715163  
129   55    36    1     1.19386810262     
130   56    37    1     1.08321660040016  
131   39    38    1     0.98943280592818  
132   13    15    1     1     
133   16    62    0     1     
134   62    12    0     1     
135   15    62    1     1     
136   62    13    1     1     
137   1     20    1     1     
138   1     63    1     1     
139   63    20    1     1     
140   2     63    0     1     
141   63    19    0     1     
142   6     8     1     1     
143   9     64    0     1     
144   5     64    0     1     
145   8     64    1     1     
146   64    6     1     1     
147   52    50    1     0.827308693029916 
148   53    59    0     0.827308693029915 
149   59    49    0     0.827308693029915 
150   52    59    1     0.827308693029915 
151   59    50    1     0.827308693029915 
152   46    44    1     0.827308693029915 
153   47    60    0     0.827308693029916 
154   60    43    0     0.827308693029915 
155   46    60    1     0.827308693029916 
156   60    44    1     0.827308693029916 
157   40    56    1     0.827308693029915 
158   41    61    0     0.827308693029915 
159   61    55    0     0.827308693029915 
160   40    61    1     0.827308693029915 
161   61    56    1     0.827308693029915 
162   57    54    0     1.43294068987122  
163   57    48    0     1.43294068987122  
164   57    42    0     1.43294068987122  
165   57    59    0     1.43294068987122  
166   57    60    0     1.43294068987122  
167   57    61    0     1.43294068987122  
168   58    62    0     2.3094010767585   
169   58    63    0     2.3094010767585   
170   58    64    0     2.3094010767585   
171   58    17    0     2.08166599946613  
172   58    18    0     2.08166599946613  
173   58    3     0     2.08166599946613  
174   58    4     0     2.08166599946613  
175   58    10    0     2.08166599946613  
176   58    11    0     2.08166599946613  
177   65    66    0     0.986444559317309
178   66    67    0     0.986444559317309
179   67    68    0     0.986444559317309
180   68    69    0     0.986444559317309
181   69    70    0     0.986444559317309
182   70    71    0     0.986444559317309
183   71    72    0     0.986444559317309
184   72    73    0     0.986444559317309
185   73    74    0     0.986444559317309
186   74    75    0     0.986444559317309
187   75    76    0     0.986444559317309
188   76    65    0     0.986444559317309
189   67    54    0     0.860744661842643
190   71    42    0     0.860744661842643
191   75    48    0     0.860744661842643
192   73    45    0     1
193   65    51    0     1
194   69    39    0     1
195   73    46    1     0.917702712563695
196   46    74    1     1.08964962225832
197   74    47    1     0.875331706743018
198   47    75    1     1.19386810262
199   75    49    1     1.19386810262
200   49    76    1     0.875331706743018
201   76    50    1     1.08964962225832
202   50    65    1     0.917702712563695
203   69    40    1     0.917702712563694
204   40    70    1     1.08964962225832
205   70    41    1     0.875331706743018
206   41    71    1     1.19386810262
207   71    43    1     1.19386810262
208   43    72    1     0.875331706743018
209   72    44    1     1.08964962225832
210   44    73    1     0.917702712563694
211   65    52    1     0.917702712563695
212   52    66    1     1.08964962225832
213   66    53    1     0.875331706743018
214   53    67    1     1.19386810262
215   67    55    1     1.19386810262
216   55    68    1     0.875331706743018
217   68    56    1     1.08964962225832
218   56    69    1     0.917702712563694
219   66    76    0     0.986444559317309
220   74    72    0     0.986444559317309
221   70    68    0     0.986444559317309







#     Number      of    Triangles   =     129

index t1    t2    t3    type  normal
0     14    15    33    0     1
1     15    16    34    0     1
2     16    17    35    0     1
3     17    18    36    0     1
4     18    19    37    0     1
5     19    20    38    0     1
6     20    0     21    0     1
7     33    15    34    0     1
8     34    16    35    0     1
9     35    17    36    0     1
10    36    18    37    0     1
11    37    19    38    0     1
12    38    20    21    0     1
13    51    33    52    0     1
14    52    34    53    0     1
15    53    35    54    0     1
16    54    36    55    0     1
17    55    37    56    0     1
18    56    38    39    0     1
19    33    34    52    0     1
20    34    35    53    0     1
21    35    36    54    0     1
22    36    37    55    0     1
23    37    38    56    0     1
24    38    21    39    0     1
25    0     1     21    0     1
26    1     2     22    0     1
27    2     3     23    0     1
28    3     4     24    0     1
29    4     5     25    0     1
30    5     6     26    0     1
31    6     7     27    0     1
32    21    1     22    0     1
33    22    2     23    0     1
34    23    3     24    0     1
35    24    4     25    0     1
36    25    5     26    0     1
37    26    6     27    0     1
38    39    21    40    0     1
39    40    22    41    0     1
40    41    23    42    0     1
41    42    24    43    0     1
42    43    25    44    0     1
43    44    26    45    0     1
44    40    21    22    0     1
45    41    22    23    0     1
46    42    23    24    0     1
47    43    24    25    0     1
48    44    25    26    0     1
49    45    26    27    0     1
50    7     8     27    0     1
51    8     9     28    0     1
52    9     10    29    0     1
53    10    11    30    0     1
54    11    12    31    0     1
55    12    13    32    0     1
56    13    14    33    0     1
57    27    8     28    0     1
58    28    9     29    0     1
59    29    10    30    0     1
60    30    11    31    0     1
61    31    12    32    0     1
62    32    13    33    0     1
63    45    27    46    0     1
64    46    28    47    0     1
65    47    29    48    0     1
66    48    30    49    0     1
67    49    31    50    0     1
68    50    32    51    0     1
69    46    27    28    0     1
70    47    28    29    0     1
71    48    29    30    0     1
72    49    30    31    0     1
73    50    31    32    0     1
74    51    32    33    0     1
75    14    15    13    0     1
76    13    15    62    0     1
77    15    16    62    0     1
78    13    62    12    0     1
79    0     1     20    0     1
80    1     63    20    0     1
81    1     2     63    0     1
82    20    63    19    0     1
83    7     8     6     0     1
84    6     8     64    0     1
85    8     9     64    0     1
86    6     64    5     0     1
87    51    52    50    0     1
88    50    52    59    0     1
89    52    53    59    0     1
90    50    59    49    0     1
91    45    46    44    0     1
92    44    46    60    0     1
93    46    47    60    0     1
94    44    60    43    0     1
95    39    40    56    0     1
96    40    61    56    0     1
97    40    41    61    0     1
98    56    61    55    0     1
99    73    45    46    0     1
100   74    46    47    0     1
101   75    47    48    0     1
102   75    48    49    0     1
103   76    49    50    0     1
104   65    50    51    0     1
105   74    73    46    0     1
106   75    74    47    0     1
107   76    75    49    0     1
108   65    76    50    0     1
109   69    39    40    0     1
110   70    40    41    0     1
111   71    41    42    0     1
112   71    42    43    0     1
113   72    43    44    0     1
114   73    44    45    0     1
115   70    69    40    0     1
116   71    70    41    0     1
117   72    71    43    0     1
118   73    72    44    0     1
119   65    51    52    0     1
120   66    52    53    0     1
121   67    53    54    0     1
122   67    54    55    0     1
123   68    55    56    0     1
124   69    56    39    0     1
125   66    65    52    0     1
126   67    66    53    0     1
127   68    67    55    0     1
128   69    68    56    0     1


	



# Number of LJ Attractions = 1

index  type1  type2  epsilon sigmahc
0	2	2	2	1




# Number of LJ Repulsions = 1

index  type1  type2  epsilon sigmahc
0	1	1	1	1
