ks_vdwr  = 1.122462048
mass     = 3.9434e-26
sigma    = 1e-9

# Number of Particles = 105

index	x	y	z	type	charge	diameter	mass
0	4.618802153517006	0.0	0.0	1	0	1	1
1	3.7527767497325675	0.5	0.0	1	0	1	1
2	2.886751345948129	1.0	0.0	1	0	1	1
3	2.0207259421636903	1.5	0.0	1	0	1	1
4	1.154700538379252	2.0	0.0	1	0	1	1
5	0.2886751345948131	2.5	0.0	1	0	1	1
6	-0.5773502691896253	3.0	0.0	1	0	1	1
7	-1.4433756729740637	3.5	0.0	1	0	1	1
8	-2.309401076758502	4.0	0.0	1	0	1	1
9	-2.3094010767585025	3.0	0.0	1	0	1	1
10	-2.309401076758503	2.0	0.0	1	0	1	1
11	-2.3094010767585034	1.0000000000000004	0.0	1	0	1	1
12	-2.309401076758504	4.440892098500626e-16	0.0	1	0	1	1
13	-2.309401076758504	-0.9999999999999991	0.0	1	0	1	1
14	-2.3094010767585043	-1.9999999999999991	0.0	1	0	1	1
15	-2.3094010767585047	-2.999999999999999	0.0	1	0	1	1
16	-2.309401076758505	-3.999999999999999	0.0	1	0	1	1
17	-1.4433756729740663	-3.499999999999999	0.0	1	0	1	1
18	-0.5773502691896275	-2.999999999999999	0.0	1	0	1	1
19	0.2886751345948113	-2.4999999999999996	0.0	1	0	1	1
20	1.1547005383792501	-1.9999999999999996	0.0	1	0	1	1
21	2.0207259421636894	-1.4999999999999996	0.0	1	0	1	1
22	2.8867513459481278	-1.0	0.0	1	0	1	1
23	3.752776749732566	-0.5	0.0	1	0	1	1
24	2.8867513459481287	0.0	0.0	1	0	1	1
25	2.02072594216369	0.5	0.0	1	0	1	1
26	1.1547005383792515	1.0	0.0	1	0	1	1
27	0.2886751345948131	1.5	0.0	1	0	1	1
28	-0.5773502691896257	2.0	0.0	1	0	1	1
29	-1.4433756729740637	2.5	0.0	1	0	1	1
30	-1.443375672974064	1.5	0.0	1	0	1	1
31	-1.4433756729740645	0.5	0.0	1	0	1	1
32	-1.4433756729740648	-0.5	0.0	1	0	1	1
33	-1.4433756729740652	-1.5	0.0	1	0	1	1
34	-1.4433756729740657	-2.4999999999999996	0.0	1	0	1	1
35	-0.5773502691896267	-1.9999999999999996	0.0	1	0	1	1
36	0.2886751345948122	-1.4999999999999998	0.0	1	0	1	1
37	1.1547005383792512	-1.0	0.0	1	0	1	1
38	2.02072594216369	-0.5	0.0	1	0	1	1
39	1.1547005383792515	0.0	0.0	1	0	1	1
40	0.288675134594813	0.5	0.0	1	0	1	1
41	-0.5773502691896255	1.0	0.0	1	0	1	1
42	-0.577350269189626	1.1102230246251565e-16	0.0	1	0	1	1
43	-0.5773502691896263	-0.9999999999999998	0.0	1	0	1	1
44	0.28867513459481253	-0.4999999999999999	0.0	1	0	1	1
45	4.0098405046976495	0.0	0.7931996660786055	2	0	1	1
46	3.1505889679767245	0.4960891060274256	0.7931996660786055	1	0	1	1
47	2.2913374312558	0.9921782120548512	0.7931996660786055	2	0	1	1
48	1.4320858945348753	1.488267318082277	0.7931996660786055	1	0	1	1
49	0.5728343578139503	1.9843564241097025	0.7931996660786055	1	0	1	1
50	-0.2864171789069747	2.480445530137128	0.7931996660786055	2	0	1	1
51	-1.1456687156278988	2.976534636164554	0.7931996660786055	1	0	1	1
52	-2.004920252348824	3.4726237421919794	0.7931996660786055	2	0	1	1
53	-2.0049202523488243	2.4804455301371284	0.7931996660786055	1	0	1	1
54	-2.0049202523488248	1.4882673180822772	0.7931996660786055	2	0	1	1
55	-2.004920252348825	0.49608910602742595	0.7931996660786055	1	0	1	1
56	-2.004920252348825	-0.49608910602742506	0.7931996660786055	1	0	1	1
57	-2.0049202523488256	-1.4882673180822765	0.7931996660786055	2	0	1	1
58	-2.004920252348826	-2.4804455301371275	0.7931996660786055	1	0	1	1
59	-2.0049202523488265	-3.4726237421919786	0.7931996660786055	2	0	1	1
60	-1.1456687156279015	-2.976534636164553	0.7931996660786055	1	0	1	1
61	-0.28641717890697627	-2.4804455301371275	0.7931996660786055	2	0	1	1
62	0.572834357813949	-1.9843564241097018	0.7931996660786055	1	0	1	1
63	1.432085894534874	-1.4882673180822765	0.7931996660786055	1	0	1	1
64	2.2913374312557986	-0.992178212054851	0.7931996660786055	2	0	1	1
65	3.1505889679767245	-0.49608910602742506	0.7931996660786055	1	0	1	1
66	3.4008788558782936	0.0	1.586399332157211	2	0	1	1
67	2.5506591419087203	0.49087458073065987	1.586399332157211	1	0	1	1
68	1.700439427939147	0.9817491614613197	1.586399332157211	1	0	1	1
69	0.8502197139695737	1.4726237421919797	1.586399332157211	2	0	1	1
70	4.440892098500626e-16	1.9634983229226395	1.586399332157211	1	0	1	1
71	-0.8502197139695729	2.4543729036532995	1.586399332157211	1	0	1	1
72	-1.7004394279391462	2.9452474843839593	1.586399332157211	2	0	1	1
73	-1.7004394279391466	1.9634983229226397	1.586399332157211	1	0	1	1
74	-1.7004394279391468	0.9817491614613201	1.586399332157211	1	0	1	1
75	-1.7004394279391473	4.440892098500626e-16	1.586399332157211	2	0	1	1
76	-1.7004394279391477	-0.9817491614613192	1.586399332157211	1	0	1	1
77	-1.700439427939148	-1.9634983229226388	1.586399332157211	1	0	1	1
78	-1.7004394279391484	-2.9452474843839584	1.586399332157211	2	0	1	1
79	-0.8502197139695747	-2.4543729036532986	1.586399332157211	1	0	1	1
80	-1.1102230246251565e-15	-1.9634983229226388	1.586399332157211	1	0	1	1
81	0.8502197139695724	-1.4726237421919792	1.586399332157211	2	0	1	1
82	1.7004394279391462	-0.9817491614613194	1.586399332157211	1	0	1	1
83	2.55065914190872	-0.4908745807306598	1.586399332157211	1	0	1	1
84	2.7919172070589378	0.0	2.3795989982358163	1	0	1	1
85	1.9543420449412565	0.4835742453151878	2.3795989982358163	1	0	1	1
86	1.1167668828235753	0.9671484906303756	2.3795989982358163	1	0	1	1
87	0.27919172070589404	1.4507227359455634	2.3795989982358163	1	0	1	1
88	-0.5583834414117872	1.9342969812607511	2.3795989982358163	1	0	1	1
89	-1.3959586035294682	2.417871226575939	2.3795989982358163	1	0	1	1
90	-1.3959586035294687	1.4507227359455634	2.3795989982358163	1	0	1	1
91	-1.395958603529469	0.4835742453151881	2.3795989982358163	1	0	1	1
92	-1.3959586035294693	-0.4835742453151872	2.3795989982358163	1	0	1	1
93	-1.3959586035294698	-1.4507227359455626	2.3795989982358163	1	0	1	1
94	-1.3959586035294702	-2.4178712265759383	2.3795989982358163	1	0	1	1
95	-0.5583834414117886	-1.9342969812607507	2.3795989982358163	1	0	1	1
96	0.27919172070589293	-1.450722735945563	2.3795989982358163	1	0	1	1
97	1.1167668828235744	-0.9671484906303753	2.3795989982358163	1	0	1	1
98	1.954342044941256	-0.48357424531518767	2.3795989982358163	1	0	1	1
99	1.1167668828235753	0.0	2.3795989982358163	1	1	1	1
100	0.27919172070589393	0.4835742453151879	2.3795989982358163	1	1	1	1
101	-0.5583834414117874	0.9671484906303758	2.3795989982358163	1	1	1	1
102	-0.5583834414117878	2.220446049250313e-16	2.3795989982358163	1	1	1	1
103	-0.5583834414117881	-0.9671484906303754	2.3795989982358163	1	1	1	1
104	0.2791917207058936	-0.4835742453151877	2.3795989982358163	1	1	1	1





#     Number      of    Edges =     333

index	e1	e2	type	length
0	0	1	0	0.9999999999999998
1	0	23	0	1.0000000000000009
2	0	45	0	1.0000000000000002
3	1	2	0	0.9999999999999998
4	1	23	0	1.0
5	1	24	0	1.0000000000000002
6	1	45	0	0.9722383886598795
7	1	46	0	0.9958971482311307
8	2	3	0	1.0000000000000002
9	2	24	0	1.0
10	2	25	0	1.0000000000000004
11	2	46	0	0.9760646444417267
12	2	47	0	0.9918390093372585
13	3	4	0	0.9999999999999998
14	3	25	0	1.0
15	3	26	0	1.0000000000000002
16	3	47	0	0.9799383942920432
17	3	48	0	0.9878261343802599
18	4	5	0	1.0000000000000002
19	4	26	0	1.0
20	4	27	0	1.0000000000000002
21	4	48	0	0.9838590772155832
22	4	49	0	0.9838590772155832
23	5	6	0	0.9999999999999998
24	5	27	0	1.0
25	5	28	0	1.0000000000000002
26	5	49	0	0.9878261343802601
27	5	50	0	0.9799383942920432
28	6	7	0	0.9999999999999998
29	6	28	0	1.0
30	6	29	0	0.9999999999999998
31	6	50	0	0.9918390093372584
32	6	51	0	0.9760646444417265
33	7	8	0	0.9999999999999998
34	7	9	0	1.0000000000000002
35	7	29	0	1.0
36	7	51	0	0.9958971482311305
37	7	52	0	0.9722383886598794
38	8	9	0	1.0
39	8	52	0	1.0
40	9	10	0	1.0
41	9	29	0	1.0000000000000002
42	9	52	0	0.9722383886598798
43	9	53	0	0.9958971482311304
44	10	11	0	0.9999999999999996
45	10	29	0	1.0000000000000004
46	10	30	0	1.0000000000000002
47	10	53	0	0.9760646444417271
48	10	54	0	0.9918390093372582
49	11	12	0	1.0
50	11	30	0	1.0000000000000002
51	11	31	0	1.0000000000000004
52	11	54	0	0.9799383942920432
53	11	55	0	0.9878261343802601
54	12	13	0	0.9999999999999996
55	12	31	0	1.0000000000000002
56	12	32	0	1.0000000000000004
57	12	55	0	0.9838590772155833
58	12	56	0	0.9838590772155833
59	13	14	0	1.0
60	13	32	0	0.9999999999999999
61	13	33	0	1.0000000000000004
62	13	56	0	0.98782613438026
63	13	57	0	0.9799383942920434
64	14	15	0	1.0
65	14	33	0	0.9999999999999999
66	14	34	0	1.0000000000000002
67	14	57	0	0.9918390093372582
68	14	58	0	0.976064644441727
69	15	16	0	1.0
70	15	17	0	0.9999999999999998
71	15	34	0	1.0
72	15	58	0	0.9958971482311305
73	15	59	0	0.9722383886598797
74	16	17	0	1.0000000000000002
75	16	59	0	1.0000000000000002
76	17	18	0	1.0000000000000002
77	17	34	0	0.9999999999999996
78	17	59	0	0.9722383886598794
79	17	60	0	0.9958971482311305
80	18	19	0	0.9999999999999999
81	18	34	0	0.9999999999999993
82	18	35	0	0.9999999999999996
83	18	60	0	0.9760646444417268
84	18	61	0	0.9918390093372583
85	19	20	0	1.0000000000000002
86	19	35	0	0.9999999999999994
87	19	36	0	0.9999999999999998
88	19	61	0	0.979938394292043
89	19	62	0	0.9878261343802603
90	20	21	0	1.0000000000000004
91	20	36	0	0.9999999999999992
92	20	37	0	0.9999999999999996
93	20	62	0	0.983859077215583
94	20	63	0	0.9838590772155833
95	21	22	0	0.9999999999999996
96	21	37	0	0.9999999999999993
97	21	38	0	0.9999999999999996
98	21	63	0	0.9878261343802601
99	21	64	0	0.979938394292043
100	22	23	0	0.9999999999999998
101	22	24	0	1.0
102	22	38	0	0.9999999999999993
103	22	64	0	0.9918390093372585
104	22	65	0	0.9760646444417274
105	23	24	0	0.999999999999999
106	23	45	0	0.9722383886598799
107	23	65	0	0.9958971482311298
108	24	25	1	1.0000000000000002
109	24	38	1	1.0000000000000002
110	24	46	0	0.9720495883359068
111	24	65	0	0.9720495883359065
112	25	26	1	0.9999999999999998
113	25	38	1	1.0
114	25	39	1	0.9999999999999998
115	25	47	0	0.9719237010781097
116	26	27	1	0.9999999999999998
117	26	39	1	1.0
118	26	40	1	0.9999999999999998
119	26	48	0	0.9718607513342912
120	27	28	1	1.0000000000000002
121	27	40	1	1.0
122	27	41	1	0.9999999999999999
123	27	49	0	0.9718607513342911
124	28	29	1	0.9999999999999993
125	28	30	1	0.9999999999999998
126	28	41	1	1.0
127	28	50	0	0.9719237010781095
128	29	30	1	1.0
129	29	51	0	0.972049588335907
130	29	53	0	0.9720495883359069
131	30	31	1	1.0
132	30	41	1	0.9999999999999999
133	30	54	0	0.9719237010781097
134	31	32	1	1.0
135	31	41	1	1.0000000000000002
136	31	42	1	0.9999999999999999
137	31	55	0	0.9718607513342911
138	32	33	1	1.0
139	32	42	1	1.0000000000000002
140	32	43	1	0.9999999999999997
141	32	56	0	0.971860751334291
142	33	34	1	0.9999999999999996
143	33	35	1	0.9999999999999996
144	33	43	1	1.0000000000000002
145	33	57	0	0.9719237010781095
146	34	35	1	1.0000000000000002
147	34	58	0	0.9720495883359068
148	34	60	0	0.9720495883359065
149	35	36	1	1.0
150	35	43	1	0.9999999999999998
151	35	61	0	0.9719237010781093
152	36	37	1	1.0000000000000002
153	36	43	1	0.9999999999999998
154	36	44	1	0.9999999999999999
155	36	62	0	0.9718607513342906
156	37	38	1	0.9999999999999999
157	37	39	1	1.0
158	37	44	1	1.0
159	37	63	0	0.9718607513342906
160	38	39	1	0.9999999999999998
161	38	64	0	0.9719237010781092
162	39	40	1	0.9999999999999998
163	39	44	1	1.0000000000000002
164	40	41	1	0.9999999999999998
165	40	42	1	1.0000000000000002
166	40	44	1	0.9999999999999999
167	41	42	1	0.9999999999999999
168	42	43	1	0.9999999999999999
169	42	44	1	0.9999999999999998
170	43	44	1	1.0
171	45	46	0	0.9921782120548513
172	45	65	0	0.992178212054851
173	45	66	0	0.9999999999999999
174	46	47	1	0.9921782120548509
175	46	65	0	0.9921782120548507
176	46	66	0	0.9684601898746699
177	46	67	1	0.9945394400159642
178	47	48	1	0.992178212054851
179	47	67	1	0.9735084954236347
180	47	68	1	0.9891586959063247
181	48	49	1	0.9921782120548512
182	48	68	1	0.9786419018948971
183	48	69	1	0.9838590772155832
184	49	50	1	0.9921782120548512
185	49	69	1	0.9838590772155831
186	49	70	1	0.9786419018948971
187	50	51	1	0.9921782120548508
188	50	70	1	0.9891586959063247
189	50	71	1	0.9735084954236346
190	51	52	0	0.9921782120548512
191	51	53	0	0.9921782120548517
192	51	71	1	0.9945394400159642
193	51	72	0	0.9684601898746701
194	52	53	0	0.992178212054851
195	52	72	0	0.9999999999999998
196	53	54	1	0.9921782120548512
197	53	72	0	0.9684601898746699
198	53	73	1	0.9945394400159643
199	54	55	1	0.9921782120548512
200	54	73	1	0.9735084954236348
201	54	74	1	0.9891586959063247
202	55	56	1	0.992178212054851
203	55	74	1	0.9786419018948973
204	55	75	1	0.9838590772155831
205	56	57	1	0.9921782120548515
206	56	75	1	0.9838590772155831
207	56	76	1	0.9786419018948971
208	57	58	1	0.992178212054851
209	57	76	1	0.9891586959063248
210	57	77	1	0.9735084954236346
211	58	59	0	0.992178212054851
212	58	60	0	0.9921782120548509
213	58	77	1	0.9945394400159644
214	58	78	0	0.9684601898746696
215	59	60	0	0.9921782120548512
216	59	78	0	0.9999999999999999
217	60	61	1	0.9921782120548515
218	60	78	0	0.9684601898746698
219	60	79	1	0.9945394400159644
220	61	62	1	0.9921782120548516
221	61	79	1	0.9735084954236347
222	61	80	1	0.9891586959063248
223	62	63	1	0.9921782120548511
224	62	80	1	0.9786419018948972
225	62	81	1	0.983859077215583
226	63	64	1	0.9921782120548509
227	63	81	1	0.9838590772155832
228	63	82	1	0.9786419018948972
229	64	65	1	0.9921782120548522
230	64	82	1	0.9891586959063244
231	64	83	1	0.9735084954236348
232	65	66	0	0.9684601898746695
233	65	83	1	0.9945394400159644
234	66	67	0	0.9817491614613196
235	66	83	0	0.9817491614613199
236	66	84	0	0.9999999999999998
237	67	68	1	0.9817491614613196
238	67	83	0	0.9817491614613196
239	67	84	0	0.9634983229226394
240	67	85	1	0.9923774913308409
241	68	69	1	0.9817491614613196
242	68	85	1	0.9704692144859293
243	68	86	1	0.9849124477727011
244	69	70	1	0.9817491614613195
245	69	86	1	0.9776084765551911
246	69	87	1	0.9776084765551911
247	70	71	1	0.9817491614613196
248	70	87	1	0.984912447772701
249	70	88	1	0.9704692144859293
250	71	72	0	0.9817491614613195
251	71	73	0	0.9817491614613199
252	71	88	1	0.992377491330841
253	71	89	0	0.9634983229226394
254	72	73	0	0.9817491614613196
255	72	89	0	0.9999999999999999
256	73	74	1	0.9817491614613196
257	73	89	0	0.9634983229226394
258	73	90	1	0.992377491330841
259	74	75	1	0.9817491614613196
260	74	90	1	0.9704692144859293
261	74	91	1	0.9849124477727011
262	75	76	1	0.9817491614613196
263	75	91	1	0.9776084765551911
264	75	92	1	0.977608476555191
265	76	77	1	0.9817491614613196
266	76	92	1	0.9849124477727013
267	76	93	1	0.9704692144859292
268	77	78	0	0.9817491614613196
269	77	79	0	0.9817491614613194
270	77	93	1	0.992377491330841
271	77	94	0	0.9634983229226394
272	78	79	0	0.9817491614613199
273	78	94	0	0.9999999999999998
274	79	80	1	0.9817491614613199
275	79	94	0	0.9634983229226394
276	79	95	1	0.9923774913308407
277	80	81	1	0.9817491614613196
278	80	95	1	0.9704692144859293
279	80	96	1	0.9849124477727011
280	81	82	1	0.9817491614613199
281	81	96	1	0.977608476555191
282	81	97	1	0.9776084765551911
283	82	83	1	0.9817491614613197
284	82	97	1	0.9849124477727011
285	82	98	1	0.9704692144859293
286	83	84	0	0.9634983229226395
287	83	98	1	0.9923774913308409
288	84	85	0	0.9671484906303754
289	84	98	0	0.9671484906303758
290	85	86	0	0.9671484906303754
291	85	98	1	0.9671484906303754
292	85	99	1	0.9671484906303754
293	86	87	0	0.9671484906303756
294	86	99	1	0.9671484906303756
295	86	100	1	0.9671484906303754
296	87	88	0	0.9671484906303754
297	87	100	1	0.9671484906303756
298	87	101	1	0.9671484906303756
299	88	89	0	0.9671484906303752
300	88	90	1	0.9671484906303756
301	88	101	1	0.9671484906303753
302	89	90	0	0.9671484906303753
303	90	91	0	0.9671484906303753
304	90	101	1	0.9671484906303754
305	91	92	0	0.9671484906303753
306	91	101	1	0.9671484906303758
307	91	102	1	0.9671484906303756
308	92	93	0	0.9671484906303753
309	92	102	1	0.9671484906303756
310	92	103	1	0.9671484906303757
311	93	94	0	0.9671484906303758
312	93	95	1	0.9671484906303756
313	93	103	1	0.9671484906303754
314	94	95	0	0.9671484906303757
315	95	96	0	0.9671484906303757
316	95	103	1	0.9671484906303752
317	96	97	0	0.9671484906303756
318	96	103	1	0.9671484906303751
319	96	104	1	0.9671484906303753
320	97	98	0	0.9671484906303758
321	97	99	1	0.9671484906303753
322	97	104	1	0.967148490630375
323	98	99	1	0.967148490630375
324	99	100	1	0.9671484906303756
325	99	104	1	0.9671484906303758
326	100	101	1	0.9671484906303756
327	100	102	1	0.9671484906303758
328	100	104	1	0.9671484906303756
329	101	102	1	0.9671484906303756
330	102	103	1	0.9671484906303757
331	102	104	1	0.9671484906303756
332	103	104	1	0.9671484906303758










#     Number      of    Triangles   =     260

index	t1	t2	t3	type	normal
0	0	1	23	0	1
1	0	1	45	0	1
2	0	23	45	0	1
3	1	2	24	0	1
4	1	2	46	0	1
5	1	23	24	0	1
6	1	23	45	0	1
7	1	24	46	0	1
8	1	45	46	0	1
9	2	3	25	0	1
10	2	3	47	0	1
11	2	24	25	0	1
12	2	24	46	0	1
13	2	25	47	0	1
14	2	46	47	0	1
15	3	4	26	0	1
16	3	4	48	0	1
17	3	25	26	0	1
18	3	25	47	0	1
19	3	26	48	0	1
20	3	47	48	0	1
21	4	5	27	0	1
22	4	5	49	0	1
23	4	26	27	0	1
24	4	26	48	0	1
25	4	27	49	0	1
26	4	48	49	0	1
27	5	6	28	0	1
28	5	6	50	0	1
29	5	27	28	0	1
30	5	27	49	0	1
31	5	28	50	0	1
32	5	49	50	0	1
33	6	7	29	0	1
34	6	7	51	0	1
35	6	28	29	0	1
36	6	28	50	0	1
37	6	29	51	0	1
38	6	50	51	0	1
39	7	8	9	0	1
40	7	8	52	0	1
41	7	9	29	0	1
42	7	9	52	0	1
43	7	29	51	0	1
44	7	51	52	0	1
45	8	9	52	0	1
46	9	10	29	0	1
47	9	10	53	0	1
48	9	29	53	0	1
49	9	52	53	0	1
50	10	11	30	0	1
51	10	11	54	0	1
52	10	29	30	0	1
53	10	29	53	0	1
54	10	30	54	0	1
55	10	53	54	0	1
56	11	12	31	0	1
57	11	12	55	0	1
58	11	30	31	0	1
59	11	30	54	0	1
60	11	31	55	0	1
61	11	54	55	0	1
62	12	13	32	0	1
63	12	13	56	0	1
64	12	31	32	0	1
65	12	31	55	0	1
66	12	32	56	0	1
67	12	55	56	0	1
68	13	14	33	0	1
69	13	14	57	0	1
70	13	32	33	0	1
71	13	32	56	0	1
72	13	33	57	0	1
73	13	56	57	0	1
74	14	15	34	0	1
75	14	15	58	0	1
76	14	33	34	0	1
77	14	33	57	0	1
78	14	34	58	0	1
79	14	57	58	0	1
80	15	16	17	0	1
81	15	16	59	0	1
82	15	17	34	0	1
83	15	17	59	0	1
84	15	34	58	0	1
85	15	58	59	0	1
86	16	17	59	0	1
87	17	18	34	0	1
88	17	18	60	0	1
89	17	34	60	0	1
90	17	59	60	0	1
91	18	19	35	0	1
92	18	19	61	0	1
93	18	34	35	0	1
94	18	34	60	0	1
95	18	35	61	0	1
96	18	60	61	0	1
97	19	20	36	0	1
98	19	20	62	0	1
99	19	35	36	0	1
100	19	35	61	0	1
101	19	36	62	0	1
102	19	61	62	0	1
103	20	21	37	0	1
104	20	21	63	0	1
105	20	36	37	0	1
106	20	36	62	0	1
107	20	37	63	0	1
108	20	62	63	0	1
109	21	22	38	0	1
110	21	22	64	0	1
111	21	37	38	0	1
112	21	37	63	0	1
113	21	38	64	0	1
114	21	63	64	0	1
115	22	23	24	0	1
116	22	23	65	0	1
117	22	24	38	0	1
118	22	24	65	0	1
119	22	38	64	0	1
120	22	64	65	0	1
121	23	24	65	0	1
122	23	45	65	0	1
123	24	25	38	0	1
124	24	46	65	0	1
125	25	26	39	0	1
126	25	38	39	0	1
127	26	27	40	0	1
128	26	39	40	0	1
129	27	28	41	0	1
130	27	40	41	0	1
131	28	29	30	0	1
132	28	30	41	0	1
133	29	51	53	0	1
134	30	31	41	0	1
135	31	32	42	0	1
136	31	41	42	0	1
137	32	33	43	0	1
138	32	42	43	0	1
139	33	34	35	0	1
140	33	35	43	0	1
141	34	58	60	0	1
142	35	36	43	0	1
143	36	37	44	0	1
144	36	43	44	0	1
145	37	38	39	0	1
146	37	39	44	0	1
147	39	40	44	0	1
148	40	41	42	0	1
149	40	42	44	0	1
150	42	43	44	0	1
151	45	46	65	0	1
152	45	46	66	0	1
153	45	65	66	0	1
154	46	47	67	0	1
155	46	65	66	0	1
156	46	66	67	0	1
157	47	48	68	0	1
158	47	67	68	0	1
159	48	49	69	0	1
160	48	68	69	0	1
161	49	50	70	0	1
162	49	69	70	0	1
163	50	51	71	0	1
164	50	70	71	0	1
165	51	52	53	0	1
166	51	52	72	0	1
167	51	53	72	0	1
168	51	71	72	0	1
169	52	53	72	0	1
170	53	54	73	0	1
171	53	72	73	0	1
172	54	55	74	0	1
173	54	73	74	0	1
174	55	56	75	0	1
175	55	74	75	0	1
176	56	57	76	0	1
177	56	75	76	0	1
178	57	58	77	0	1
179	57	76	77	0	1
180	58	59	60	0	1
181	58	59	78	0	1
182	58	60	78	0	1
183	58	77	78	0	1
184	59	60	78	0	1
185	60	61	79	0	1
186	60	78	79	0	1
187	61	62	80	0	1
188	61	79	80	0	1
189	62	63	81	0	1
190	62	80	81	0	1
191	63	64	82	0	1
192	63	81	82	0	1
193	64	65	83	0	1
194	64	82	83	0	1
195	65	66	83	0	1
196	66	67	83	0	1
197	66	67	84	0	1
198	66	83	84	0	1
199	67	68	85	0	1
200	67	83	84	0	1
201	67	84	85	0	1
202	68	69	86	0	1
203	68	85	86	0	1
204	69	70	87	0	1
205	69	86	87	0	1
206	70	71	88	0	1
207	70	87	88	0	1
208	71	72	73	0	1
209	71	72	89	0	1
210	71	73	89	0	1
211	71	88	89	0	1
212	72	73	89	0	1
213	73	74	90	0	1
214	73	89	90	0	1
215	74	75	91	0	1
216	74	90	91	0	1
217	75	76	92	0	1
218	75	91	92	0	1
219	76	77	93	0	1
220	76	92	93	0	1
221	77	78	79	0	1
222	77	78	94	0	1
223	77	79	94	0	1
224	77	93	94	0	1
225	78	79	94	0	1
226	79	80	95	0	1
227	79	94	95	0	1
228	80	81	96	0	1
229	80	95	96	0	1
230	81	82	97	0	1
231	81	96	97	0	1
232	82	83	98	0	1
233	82	97	98	0	1
234	83	84	98	0	1
235	84	85	98	0	1
236	85	86	99	0	1
237	85	98	99	0	1
238	86	87	100	0	1
239	86	99	100	0	1
240	87	88	101	0	1
241	87	100	101	0	1
242	88	89	90	0	1
243	88	90	101	0	1
244	90	91	101	0	1
245	91	92	102	0	1
246	91	101	102	0	1
247	92	93	103	0	1
248	92	102	103	0	1
249	93	94	95	0	1
250	93	95	103	0	1
251	95	96	103	0	1
252	96	97	104	0	1
253	96	103	104	0	1
254	97	98	99	0	1
255	97	99	104	0	1
256	99	100	104	0	1
257	100	101	102	0	1
258	100	102	104	0	1
259	102	103	104	0	1




	



# Number of LJ Attractions = 1

index  type1  type2  epsilon sigmahc
0	2	2	2	1




# Number of LJ Repulsions = 1

index  type1  type2  epsilon sigmahc
0	1	1	1	1
