# Cluster list (83 data points):
# "Cluster Identifier" "Cluster Size"
1 630 
2 420 
3 210 
4 210 
5 210 
6 210 
7 210 
8 210 
9 210 
10 210 
11 210 
12 105 
13 105 
14 105 
15 105 
16 105 
17 105 
18 105 
19 105 
20 105 
21 105 
22 105 
23 105 
24 105 
25 105 
26 105 
27 105 
28 105 
29 105 
30 105 
31 105 
32 105 
33 105 
34 105 
35 105 
36 105 
37 105 
38 105 
39 105 
40 105 
41 105 
42 105 
43 105 
44 105 
45 105 
46 105 
47 105 
48 105 
49 105 
50 105 
51 105 
52 105 
53 105 
54 105 
55 105 
56 105 
57 105 
58 105 
59 105 
60 105 
61 105 
62 105 
63 105 
64 105 
65 105 
66 105 
67 105 
68 105 
69 105 
70 105 
71 105 
72 105 
73 105 
74 105 
75 105 
76 105 
77 105 
78 105 
79 105 
80 105 
81 105 
82 105 
83 105 
